Linux 6.2.0-37-generic (ljz-virtual-machine) 	2023年12月07日 	_x86_64_	(4 CPU)

19时59分41秒  CPU    %usr   %nice    %sys %iowait    %irq   %soft  %steal  %guest  %gnice   %idle
19时59分42秒  all   10.26    0.00    5.38    0.00    0.00    0.00    0.00    0.00    0.00   84.36
19时59分42秒    0   11.34    0.00    7.22    0.00    0.00    0.00    0.00    0.00    0.00   81.44
19时59分42秒    1    9.28    0.00    6.19    0.00    0.00    0.00    0.00    0.00    0.00   84.54
19时59分42秒    2   11.11    0.00    5.05    0.00    0.00    0.00    0.00    0.00    0.00   83.84
19时59分42秒    3    9.28    0.00    3.09    0.00    0.00    0.00    0.00    0.00    0.00   87.63

19时59分42秒  CPU    %usr   %nice    %sys %iowait    %irq   %soft  %steal  %guest  %gnice   %idle
19时59分43秒  all    1.00    0.00    1.50    0.00    0.00    0.00    0.00    0.00    0.00   97.49
19时59分43秒    0    1.96    0.00    1.96    0.00    0.00    0.00    0.00    0.00    0.00   96.08
19时59分43秒    1    1.02    0.00    1.02    0.00    0.00    0.00    0.00    0.00    0.00   97.96
19时59分43秒    2    1.00    0.00    2.00    0.00    0.00    0.00    0.00    0.00    0.00   97.00
19时59分43秒    3    0.00    0.00    1.01    0.00    0.00    0.00    0.00    0.00    0.00   98.99

19时59分43秒  CPU    %usr   %nice    %sys %iowait    %irq   %soft  %steal  %guest  %gnice   %idle
19时59分44秒  all    0.77    0.00    3.33    0.00    0.00    1.28    0.00    0.00    0.00   94.62
19时59分44秒    0    0.00    0.00    2.02    0.00    0.00    3.03    0.00    0.00    0.00   94.95
19时59分44秒    1    0.00    0.00    3.03    0.00    0.00    1.01    0.00    0.00    0.00   95.96
19时59分44秒    2    2.08    0.00    3.12    0.00    0.00    0.00    0.00    0.00    0.00   94.79
19时59分44秒    3    1.04    0.00    5.21    0.00    0.00    1.04    0.00    0.00    0.00   92.71

19时59分44秒  CPU    %usr   %nice    %sys %iowait    %irq   %soft  %steal  %guest  %gnice   %idle
19时59分45秒  all    0.25    0.00    0.51    0.00    0.00    0.25    0.00    0.00    0.00   98.99
19时59分45秒    0    0.00    0.00    0.00    0.00    0.00    0.00    0.00    0.00    0.00  100.00
19时59分45秒    1    0.00    0.00    0.00    0.00    0.00    1.00    0.00    0.00    0.00   99.00
19时59分45秒    2    1.01    0.00    1.01    0.00    0.00    0.00    0.00    0.00    0.00   97.98
19时59分45秒    3    0.00    0.00    1.01    0.00    0.00    0.00    0.00    0.00    0.00   98.99

平均时间:  CPU    %usr   %nice    %sys %iowait    %irq   %soft  %steal  %guest  %gnice   %idle
平均时间:  all    3.05    0.00    2.67    0.00    0.00    0.38    0.00    0.00    0.00   93.90
平均时间:    0    3.28    0.00    2.78    0.00    0.00    0.76    0.00    0.00    0.00   93.18
平均时间:    1    2.54    0.00    2.54    0.00    0.00    0.51    0.00    0.00    0.00   94.42
平均时间:    2    3.81    0.00    2.79    0.00    0.00    0.00    0.00    0.00    0.00   93.40
平均时间:    3    2.56    0.00    2.56    0.00    0.00    0.26    0.00    0.00    0.00   94.63
