6656M 90 50 0 9 0.37 95
6144M 90 50 0 1 0.18 98
5632M 90 50 0 2 0.32 97
5120M 90 50 0 1 0.14 97
4608M 90 50 0 1 0.24 97
4096M 90 50 0 1 0.25 96
3584M 90 50 0 3 0.36 96
3072M 90 50 0 5 0.39 95
2560M 90 50 0 2 0.29 96
2048M 90 50 0 3 0.34 96
1536M 90 50 0 1 0.29 96
1024M 90 50 0 1 0.39 96
512M 90 50 0 2 0.54 93
4k 90 50 0 2 0.36 95
6656M 70 50 0 2 0.19 97
6144M 70 50 0 17 0.45 95
5632M 70 50 0 5 0.21 97
5120M 70 50 0 1 0.15 97
4608M 70 50 0 1 0.35 96
4096M 70 50 0 1 0.29 96
3584M 70 50 0 5 0.27 95
3072M 70 50 0 1 0.20 96
2560M 70 50 0 2 0.33 95
2048M 70 50 0 2 0.29 96
1536M 70 50 0 11 0.73 91
1024M 70 50 0 5 0.30 96
512M 70 50 0 1 0.19 97
4k 70 50 0 3 0.31 96
6656M 50 50 0 1 0.18 97
6144M 50 50 0 7 0.23 96
5632M 50 50 0 1 0.29 96
5120M 50 50 0 6 0.35 96
4608M 50 50 0 1 0.24 97
4096M 50 50 0 5 0.56 93
3584M 50 50 0 5 0.42 96
3072M 50 50 0 1 0.26 97
2560M 50 50 0 3 0.27 97
2048M 50 50 0 2 0.31 95
1536M 50 50 0 4 0.36 96
1024M 50 50 0 1 0.38 96
512M 50 50 0 2 0.31 96
4k 50 50 0 3 0.24 98
6656M 30 50 0 1 0.22 97
6144M 30 50 0 1 0.23 96
5632M 30 50 0 1 0.12 98
5120M 30 50 0 1 0.28 96
4608M 30 50 0 2 0.22 97
4096M 30 50 0 2 0.29 96
3584M 30 50 0 2 0.29 96
3072M 30 50 0 1 0.19 97
2560M 30 50 0 1 0.38 94
2048M 30 50 0 6 0.26 96
1536M 30 50 0 3 0.45 94
1024M 30 50 0 3 0.41 95
512M 30 50 0 2 0.25 96
4k 30 50 0 1 0.11 97
6656M 10 50 0 3 0.20 97
6144M 10 50 0 2 0.16 97
5632M 10 50 0 14 1.05 88
5120M 10 50 0 1 0.31 96
4608M 10 50 0 19 0.60 94
4096M 10 50 0 1 0.46 95
3584M 10 50 0 1 0.26 97
3072M 10 50 0 2 0.31 96
2560M 10 50 0 7 0.33 96
2048M 10 50 0 1 0.21 97
1536M 10 50 0 4 0.27 96
1024M 10 50 0 3 0.36 95
512M 10 50 0 1 0.24 97
4k 10 50 0 1 0.23 97
6656M 0 50 0 24 0.60 93
6144M 0 50 0 10 0.47 91
5632M 0 50 0 67 1.12 89
5120M 0 50 0 1 0.18 98
4608M 0 50 0 2 0.27 95
4096M 0 50 0 1 0.27 97
3584M 0 50 0 3 0.33 96
3072M 0 50 0 10 0.42 96
2560M 0 50 0 8 0.45 95
2048M 0 50 0 1 0.19 97
1536M 0 50 0 3 0.38 96
1024M 0 50 0 4 0.42 95
512M 0 50 0 3 0.28 96
4k 0 50 0 1 0.14 98
6656M 90 40 0 3 0.28 96
6144M 90 40 0 1 0.29 95
5632M 90 40 0 1 0.20 97
5120M 90 40 0 1 0.29 95
4608M 90 40 0 3 0.39 95
4096M 90 40 0 2 0.38 95
3584M 90 40 0 1 0.14 97
3072M 90 40 0 1 0.31 96
2560M 90 40 0 5 0.49 95
2048M 90 40 0 1 0.22 96
1536M 90 40 0 2 0.42 95
1024M 90 40 0 5 0.20 96
512M 90 40 0 3 0.46 95
4k 90 40 0 2 0.18 98
6656M 70 40 0 2 0.34 96
6144M 70 40 0 2 0.30 96
5632M 70 40 0 1 0.14 97
5120M 70 40 0 5 0.49 94
4608M 70 40 0 2 0.25 96
4096M 70 40 0 1 0.20 97
3584M 70 40 0 1 0.24 96
3072M 70 40 0 2 0.38 95
2560M 70 40 0 8 0.35 96
2048M 70 40 0 1 0.14 97
1536M 70 40 0 1 0.22 95
1024M 70 40 0 5 0.54 94
512M 70 40 0 2 0.27 95
4k 70 40 0 2 0.17 98
6656M 50 40 0 3 0.27 96
6144M 50 40 0 8 0.41 95
5632M 50 40 0 4 0.31 95
5120M 50 40 0 3 0.34 95
4608M 50 40 0 2 0.40 95
4096M 50 40 0 2 0.25 97
3584M 50 40 0 3 0.37 95
3072M 50 40 0 6 0.57 93
2560M 50 40 0 1 0.19 97
2048M 50 40 0 3 0.32 96
1536M 50 40 0 2 0.33 96
1024M 50 40 0 1 0.27 97
512M 50 40 0 4 0.19 97
4k 50 40 0 4 0.36 96
6656M 30 40 0 2 0.39 96
6144M 30 40 0 2 0.33 97
5632M 30 40 0 2 0.21 95
5120M 30 40 0 3 0.30 96
4608M 30 40 0 5 0.36 95
4096M 30 40 0 6 0.46 95
3584M 30 40 0 1 0.22 96
3072M 30 40 0 13 0.72 90
2560M 30 40 0 3 0.19 97
2048M 30 40 0 3 0.31 96
1536M 30 40 0 17 0.56 93
1024M 30 40 0 5 0.41 95
512M 30 40 0 4 0.23 95
4k 30 40 0 30 1.33 87
6656M 10 40 0 20 1.46 83
6144M 10 40 0 7 0.45 94
5632M 10 40 0 2 0.38 95
5120M 10 40 0 1 0.29 96
4608M 10 40 0 3 0.64 94
4096M 10 40 0 1 0.19 96
3584M 10 40 0 14 0.82 89
3072M 10 40 0 1 0.20 97
2560M 10 40 0 29 0.72 90
2048M 10 40 0 3 0.32 95
1536M 10 40 0 30 4.03 58
1024M 10 40 0 3 0.36 95
512M 10 40 0 7 0.44 95
4k 10 40 0 1 0.12 99
6656M 0 40 0 99 4.61 59
6144M 0 40 0 4 0.33 95
5632M 0 40 0 1 0.15 97
5120M 0 40 0 7 0.57 95
4608M 0 40 0 1 0.16 97
4096M 0 40 0 1 0.17 98
3584M 0 40 0 3 0.40 94
3072M 0 40 0 1 0.29 96
2560M 0 40 0 4 0.39 96
2048M 0 40 0 3 0.34 96
1536M 0 40 0 2 0.41 95
1024M 0 40 0 2 0.28 96
512M 0 40 0 1 0.23 97
4k 0 40 0 1 0.16 98
6656M 90 30 0 2 0.27 97
6144M 90 30 0 1 0.31 96
5632M 90 30 0 1 0.16 97
5120M 90 30 0 1 0.28 96
4608M 90 30 0 1 0.22 97
4096M 90 30 0 3 0.24 96
3584M 90 30 0 1 0.24 97
3072M 90 30 0 2 0.33 96
2560M 90 30 0 2 0.24 96
2048M 90 30 0 2 0.40 95
1536M 90 30 0 4 0.26 96
1024M 90 30 0 6 0.26 96
512M 90 30 0 1 0.26 96
4k 90 30 0 3 0.24 97
6656M 70 30 0 2 0.21 97
6144M 70 30 0 3 0.31 96
5632M 70 30 0 1 0.19 96
5120M 70 30 0 4 0.30 96
4608M 70 30 0 2 0.27 95
4096M 70 30 0 7 0.36 96
3584M 70 30 0 2 0.31 96
3072M 70 30 0 6 0.49 93
2560M 70 30 0 4 0.25 97
2048M 70 30 0 2 0.12 96
1536M 70 30 0 2 0.29 96
1024M 70 30 0 4 0.28 96
512M 70 30 0 3 0.23 97
4k 70 30 0 1 0.15 97
6656M 50 30 0 1 0.12 98
6144M 50 30 0 2 0.15 97
5632M 50 30 0 1 0.28 96
5120M 50 30 0 1 0.23 95
4608M 50 30 0 1 0.27 97
4096M 50 30 0 2 0.28 96
3584M 50 30 0 4 0.43 95
3072M 50 30 0 3 0.31 96
2560M 50 30 0 3 0.40 95
2048M 50 30 0 1 0.23 96
1536M 50 30 0 3 0.38 96
1024M 50 30 0 1 0.23 96
512M 50 30 0 1 0.27 96
4k 50 30 0 1 0.22 97
6656M 30 30 0 3 0.31 96
6144M 30 30 0 1 0.29 96
5632M 30 30 0 8 0.47 95
5120M 30 30 0 3 0.21 96
4608M 30 30 0 4 0.27 95
4096M 30 30 0 1 0.10 96
3584M 30 30 0 1 0.18 97
3072M 30 30 0 1 0.15 97
2560M 30 30 0 5 0.21 96
2048M 30 30 0 1 0.11 96
1536M 30 30 0 2 0.26 97
1024M 30 30 0 1 0.24 96
512M 30 30 0 2 0.22 97
4k 30 30 0 1 0.24 96
6656M 10 30 0 3 0.35 96
6144M 10 30 0 4 0.28 95
5632M 10 30 0 1 0.24 96
5120M 10 30 0 1 0.28 97
4608M 10 30 0 5 0.37 94
4096M 10 30 0 1 0.15 98
3584M 10 30 0 1 0.18 97
3072M 10 30 0 1 0.28 97
2560M 10 30 0 1 0.20 97
2048M 10 30 0 1 0.21 96
1536M 10 30 0 6 0.48 93
1024M 10 30 0 2 0.24 96
512M 10 30 0 1 0.28 96
4k 10 30 0 1 0.20 97
6656M 0 30 0 11 0.61 92
6144M 0 30 0 1 0.22 97
5632M 0 30 0 9 0.28 97
5120M 0 30 0 1 0.14 98
4608M 0 30 0 2 0.32 92
4096M 0 30 0 2 0.17 98
3584M 0 30 0 2 0.36 96
3072M 0 30 0 4 0.23 95
2560M 0 30 0 4 0.33 97
2048M 0 30 0 2 0.29 96
1536M 0 30 0 2 0.37 94
1024M 0 30 0 2 0.29 95
512M 0 30 0 1 0.13 97
4k 0 30 0 1 0.25 97
6656M 90 20 0 1 0.08 98
6144M 90 20 0 13 0.40 95
5632M 90 20 0 3 0.27 95
5120M 90 20 0 4 0.34 96
4608M 90 20 0 2 0.26 95
4096M 90 20 0 6 0.32 95
3584M 90 20 0 2 0.26 96
3072M 90 20 0 1 0.27 96
2560M 90 20 0 1 0.20 97
2048M 90 20 0 1 0.29 97
1536M 90 20 0 1 0.17 96
1024M 90 20 0 1 0.30 96
512M 90 20 0 60 1.00 90
4k 90 20 0 9 0.61 92
6656M 70 20 0 9 0.38 96
6144M 70 20 0 15 0.46 93
5632M 70 20 0 2 0.25 96
5120M 70 20 0 1 0.26 97
4608M 70 20 0 1 0.12 97
4096M 70 20 0 3 0.30 96
3584M 70 20 0 2 0.53 94
3072M 70 20 0 4 0.27 94
2560M 70 20 0 4 0.23 96
2048M 70 20 0 8 0.48 94
1536M 70 20 0 4 0.32 96
1024M 70 20 0 1 0.23 97
512M 70 20 0 9 0.53 94
4k 70 20 0 1 0.27 97
6656M 50 20 0 1 0.20 96
6144M 50 20 0 8 0.47 95
5632M 50 20 0 1 0.25 96
5120M 50 20 0 1 0.12 97
4608M 50 20 0 5 0.39 95
4096M 50 20 0 2 0.34 95
3584M 50 20 0 6 1.04 89
3072M 50 20 0 2 0.26 97
2560M 50 20 0 1 0.11 97
2048M 50 20 0 2 0.21 96
1536M 50 20 0 2 0.23 96
1024M 50 20 0 2 0.33 96
512M 50 20 0 3 0.38 94
4k 50 20 0 1 0.21 97
6656M 30 20 0 1 0.21 97
6144M 30 20 0 8 0.29 95
5632M 30 20 0 2 0.23 97
5120M 30 20 0 1 0.12 97
4608M 30 20 0 3 0.28 96
4096M 30 20 0 2 0.30 97
3584M 30 20 0 2 0.16 97
3072M 30 20 0 1 0.21 97
2560M 30 20 0 1 0.27 96
2048M 30 20 0 1 0.28 95
1536M 30 20 0 2 0.32 96
1024M 30 20 0 1 0.20 96
512M 30 20 0 4 0.36 96
4k 30 20 0 1 0.12 98
6656M 10 20 0 3 0.29 97
6144M 10 20 0 2 0.28 96
5632M 10 20 0 1 0.27 97
5120M 10 20 0 1 0.23 97
4608M 10 20 0 10 0.77 91
4096M 10 20 0 1 0.27 97
3584M 10 20 0 1 0.21 97
3072M 10 20 0 2 0.38 96
2560M 10 20 0 1 0.18 98
2048M 10 20 0 1 0.12 97
1536M 10 20 0 3 0.33 95
1024M 10 20 0 3 0.43 91
512M 10 20 0 1 0.22 97
4k 10 20 0 1 0.18 98
6656M 0 20 0 2 0.29 96
6144M 0 20 0 9 0.30 96
5632M 0 20 0 1 0.28 97
5120M 0 20 0 2 0.24 97
4608M 0 20 0 1 0.26 96
4096M 0 20 0 1 0.27 97
3584M 0 20 0 2 0.20 98
3072M 0 20 0 1 0.24 96
2560M 0 20 0 4 0.47 93
2048M 0 20 0 1 0.28 97
1536M 0 20 0 2 0.13 98
1024M 0 20 0 1 0.28 93
512M 0 20 0 1 0.22 98
4k 0 20 0 1 0.21 98
6656M 90 10 0 1 0.30 97
6144M 90 10 0 5 0.49 95
5632M 90 10 0 2 0.21 97
5120M 90 10 0 2 0.33 96
4608M 90 10 0 1 0.28 96
4096M 90 10 0 1 0.21 98
3584M 90 10 0 1 0.25 96
3072M 90 10 0 1 0.24 97
2560M 90 10 0 1 0.13 97
2048M 90 10 0 1 0.13 97
1536M 90 10 0 1 0.23 96
1024M 90 10 0 1 0.10 97
512M 90 10 0 2 0.23 96
4k 90 10 0 1 0.23 97
6656M 70 10 0 4 0.42 95
6144M 70 10 0 4 0.25 96
5632M 70 10 0 1 0.23 95
5120M 70 10 0 1 0.12 98
4608M 70 10 0 1 0.19 97
4096M 70 10 0 3 0.41 93
3584M 70 10 0 1 0.22 95
3072M 70 10 0 3 0.32 96
2560M 70 10 0 1 0.25 97
2048M 70 10 0 4 0.27 96
1536M 70 10 0 4 0.24 97
1024M 70 10 0 3 0.29 96
512M 70 10 0 2 0.28 96
4k 70 10 0 1 0.09 98
6656M 50 10 0 1 0.28 96
6144M 50 10 0 4 0.26 96
5632M 50 10 0 6 0.35 96
5120M 50 10 0 3 0.28 96
4608M 50 10 0 1 0.15 97
4096M 50 10 0 1 0.27 96
3584M 50 10 0 5 0.18 96
3072M 50 10 0 6 0.47 94
2560M 50 10 0 2 0.31 96
2048M 50 10 0 1 0.12 97
1536M 50 10 0 1 0.27 96
1024M 50 10 0 1 0.35 95
512M 50 10 0 3 0.27 96
4k 50 10 0 1 0.13 98
6656M 30 10 0 1 0.22 97
6144M 30 10 0 7 0.36 96
5632M 30 10 0 4 0.31 96
5120M 30 10 0 3 0.21 97
4608M 30 10 0 1 0.17 96
4096M 30 10 0 2 0.35 96
3584M 30 10 0 3 0.28 95
3072M 30 10 0 2 0.26 95
2560M 30 10 0 1 0.15 96
2048M 30 10 0 2 0.19 97
1536M 30 10 0 2 0.33 95
1024M 30 10 0 4 0.38 95
512M 30 10 0 1 0.18 97
4k 30 10 0 32 0.63 92
6656M 10 10 0 4 0.33 96
6144M 10 10 0 2 0.34 96
5632M 10 10 0 2 0.30 96
5120M 10 10 0 5 0.23 97
4608M 10 10 0 12 0.74 93
4096M 10 10 0 2 0.35 96
3584M 10 10 0 2 0.26 97
3072M 10 10 0 6 0.46 94
2560M 10 10 0 11 0.43 95
2048M 10 10 0 3 0.24 96
1536M 10 10 0 6 0.54 95
1024M 10 10 0 1 0.36 96
512M 10 10 0 4 0.30 97
4k 10 10 0 1 0.17 98
6656M 0 10 0 10 0.54 91
6144M 0 10 0 13 0.30 96
5632M 0 10 0 3 0.35 97
5120M 0 10 0 5 0.25 96
4608M 0 10 0 1 0.31 97
4096M 0 10 0 3 0.53 93
3584M 0 10 0 5 0.41 95
3072M 0 10 0 1 0.24 97
2560M 0 10 0 1 0.19 97
2048M 0 10 0 12 0.62 88
1536M 0 10 0 4 0.36 96
1024M 0 10 0 1 0.28 97
512M 0 10 0 2 0.25 93
4k 0 10 0 1 0.15 98
6656M 90 1 0 2 0.26 96
6144M 90 1 0 7 0.28 96
5632M 90 1 0 1 0.19 96
5120M 90 1 0 4 0.35 96
4608M 90 1 0 1 0.26 97
4096M 90 1 0 1 0.26 96
3584M 90 1 0 3 0.29 96
3072M 90 1 0 2 0.22 96
2560M 90 1 0 1 0.25 97
2048M 90 1 0 4 0.35 96
1536M 90 1 0 2 0.49 94
1024M 90 1 0 1 0.30 97
512M 90 1 0 1 0.28 95
4k 90 1 0 1 0.14 97
6656M 70 1 0 3 0.27 95
6144M 70 1 0 2 0.27 96
5632M 70 1 0 1 0.18 97
5120M 70 1 0 4 0.34 95
4608M 70 1 0 2 0.28 96
4096M 70 1 0 2 0.31 97
3584M 70 1 0 5 0.35 95
3072M 70 1 0 8 0.49 94
2560M 70 1 0 7 0.40 95
2048M 70 1 0 1 0.29 96
1536M 70 1 0 2 0.29 95
1024M 70 1 0 1 0.14 97
512M 70 1 0 3 0.28 96
4k 70 1 0 1 0.19 97
6656M 50 1 0 1 0.26 96
6144M 50 1 0 12 0.60 93
5632M 50 1 0 1 0.10 96
5120M 50 1 0 1 0.34 96
4608M 50 1 0 9 0.44 95
4096M 50 1 0 5 0.33 96
3584M 50 1 0 5 0.25 95
3072M 50 1 0 12 0.46 94
2560M 50 1 0 1 0.40 96
2048M 50 1 0 3 0.26 96
1536M 50 1 0 2 0.32 96
1024M 50 1 0 2 0.31 96
512M 50 1 0 1 0.23 97
4k 50 1 0 2 0.27 97
6656M 30 1 0 1 0.14 97
6144M 30 1 0 7 0.34 96
5632M 30 1 0 6 0.38 96
5120M 30 1 0 1 0.22 97
4608M 30 1 0 4 0.27 96
4096M 30 1 0 1 0.31 96
3584M 30 1 0 1 0.27 96
3072M 30 1 0 4 0.38 96
2560M 30 1 0 1 0.20 96
2048M 30 1 0 3 0.48 94
1536M 30 1 0 4 0.33 96
1024M 30 1 0 2 0.36 95
512M 30 1 0 2 0.27 97
4k 30 1 0 1 0.13 98
6656M 10 1 0 2 0.38 96
6144M 10 1 0 3 0.31 97
5632M 10 1 0 1 0.26 97
5120M 10 1 0 2 0.22 97
4608M 10 1 0 2 0.19 97
4096M 10 1 0 4 0.36 96
3584M 10 1 0 2 0.28 97
3072M 10 1 0 2 0.30 97
2560M 10 1 0 3 0.26 97
2048M 10 1 0 3 0.21 97
1536M 10 1 0 1 0.22 97
1024M 10 1 0 1 0.19 97
512M 10 1 0 8 0.30 96
4k 10 1 0 1 0.22 98
6656M 0 1 0 9 0.35 94
6144M 0 1 0 2 0.27 97
5632M 0 1 0 1 0.21 98
5120M 0 1 0 2 0.16 98
4608M 0 1 0 4 0.38 96
4096M 0 1 0 2 0.24 97
3584M 0 1 0 1 0.18 98
3072M 0 1 0 1 0.36 96
2560M 0 1 0 1 0.10 98
2048M 0 1 0 1 0.22 97
1536M 0 1 0 1 0.26 97
1024M 0 1 0 1 0.21 97
512M 0 1 0 12 0.57 90
4k 0 1 0 1 0.13 98
