procs -----------memory---------- ---swap-- -----io---- -system-- ------cpu-----
 r  b 交换 空闲 缓冲 缓存   si   so    bi    bo   in   cs us sy id wa st
 8  1 549360 3259212 154728 1585744  179 3764   708  5828  346  116 16 28 55  1  0
 8  0 549360 2810688 154732 1595252   80    0   592 13892 10058 17635 29 66  4  1  0
12  0 549360 2332148 154736 1602372   16    0    16 15496 10257 18375 28 64  6  1  0
 7  1 549360 1877028 154752 1607904    0    0     0 15256 10597 18483 30 60  9  1  0
 7  0 549360 1314348 154760 1613164    0    0     0 15800 9029 17294 28 62  8  1  0
 9  0 549360 891744 154776 1619880    0    0     4 13896 7493 14120 32 59  8  1  0
procs -----------memory---------- ---swap-- -----io---- -system-- ------cpu-----
 r  b 交换 空闲 缓冲 缓存   si   so    bi    bo   in   cs us sy id wa st
 8  0 808276 1579636  28416 287852  320 3892   862  5935  372  145 16 28 55  1  0
10  1 806996 1166448  35328 367908 7064    0 82092 11368 10189 16705 39 60  1  1  0
 9  1 806484 913200  40104 380376 1396    0  9636 10992 7465 13088 45 53  0  1  0
 9  2 805460 2506832  46868 393784 2720    0  9534 13024 9498 15687 33 60  2  6  0
12  0 805204 3643512  54092 403112 1200    0  1486 16328 10961 19185 36 62  2  1  0
 9  0 805204 2680164  61584 411704    0    0   256 17648 10922 19186 40 53  5  1  0
procs -----------memory---------- ---swap-- -----io---- -system-- ------cpu-----
 r  b 交换 空闲 缓冲 缓存   si   so    bi    bo   in   cs us sy id wa st
12  0 804436 4065968  92596 387112  320 3890   863  5933  374  147 16 28 55  1  0
 8  1 803156 3524852  94868 395332  984    0  2972 14124 10110 16398 34 65  1  0  0
 8  0 802900 2666680  97316 403424 1196    0  2488 16088 10208 18380 37 55  6  2  0
 4  1 802900 1833836 100084 411244   48    0    48 15808 10351 18521 36 62  2  0  0
11  0 802900 801644 103104 418732    0    0     4 18972 8668 16904 34 60  6  0  0
 5  5 833980 102204 105648 419316    0 30992   302 46168 10897 14684 30 62  5  3  0
procs -----------memory---------- ---swap-- -----io---- -system-- ------cpu-----
 r  b 交换 空闲 缓冲 缓存   si   so    bi    bo   in   cs us sy id wa st
11  1 892824 4131984  32316 241992  320 3889   865  5933  375  150 16 28 54  1  0
 8  0 892824 3261616  42136 337656  896    0 93800 15376 12863 21065 32 65  2  1  0
 7  0 892824 2438336  48668 345252   96    0  1752 14964 14052 16860 33 65  2  0  0
 3  0 892568 1821104  54192 352400  184    0   764 13592 10515 14720 32 60  7  1  0
 7  0 892568 983216  60468 368772   12    0  7780 15492 9569 16809 34 57  8  1  0
10  0 892568 220252  67036 378496   88    0  1808 16544 9017 16141 35 56  8  1  0
procs -----------memory---------- ---swap-- -----io---- -system-- ------cpu-----
 r  b 交换 空闲 缓冲 缓存   si   so    bi    bo   in   cs us sy id wa st
 7  0 876440 3768120  94816 381224  320 3886   866  5931  376  152 16 28 54  1  0
 9  1 876184 2902568  97916 396224 1416    0  8538 18336 10719 20078 31 66  3  0  0
15  1 876184 2390032  99760 401148   68    0   128 11796 7357 13038 36 59  4  1  0
10  1 876184 1599012 102288 407380    0    0     0 15540 8627 16161 28 64  7  1  0
 7  0 876184 448392 106268 416960    0    0     0 24692 10157 19722 30 63  6  1  0
 7  0 879896 676724 109148 420880    0 3772     0 21172 8964 15553 43 51  6  0  0
procs -----------memory---------- ---swap-- -----io---- -system-- ------cpu-----
 r  b 交换 空闲 缓冲 缓存   si   so    bi    bo   in   cs us sy id wa st
 8  0 879632 3795248 121092 386148  320 3884   866  5930  377  154 16 29 54  1  0
 8  0 879632 2945856 123456 392928  552    0  2256 16804 10461 19687 34 59  6  1  0
 8  1 879632 2362512 124272 399540   56    0   211 13768 10104 16674 34 64  2  0  0
 8  1 879632 1298316 125268 406404    4    0     4 15764 10488 17694 31 63  6  1  0
 9  0 879632 615168 126612 414928    4    0     4 22136 10436 19052 39 53  7  1  0
 7  1 879632 3390780 128140 424452    0    0     0 23700 10336 19076 39 56  6  0  0
procs -----------memory---------- ---swap-- -----io---- -system-- ------cpu-----
 r  b 交换 空闲 缓冲 缓存   si   so    bi    bo   in   cs us sy id wa st
12  0 852968 3442356 133796 394008  319 3886   865  5933  378  157 16 29 54  1  0
 6  1 852712 2924964 134060 405188  188    0   348 14616 9520 16957 34 62  3  1  0
 6  0 852712 1922808 134408 412808   44    0    44 17100 11021 19459 34 59  6  1  0
 7  0 852712 918600 135044 420108    0    0     0 21452 11117 21081 36 55  8  1  0
 8  0 852712 768776 135604 428760    0    0     0 20000 11917 21351 45 45  9  1  0
 4  2 852712 5734044 136092 435060    0    0   256 17208 11167 19163 33 60  7  1  0
procs -----------memory---------- ---swap-- -----io---- -system-- ------cpu-----
 r  b 交换 空闲 缓冲 缓存   si   so    bi    bo   in   cs us sy id wa st
 7  0 852712 2996208 138148 404520  319 3884   865  5931  380  159 16 29 54  1  0
 7  0 852712 2135720 138292 411372  144    0  1128 16996 9434 17888 26 64  9  1  0
 5  0 852712 1071312 138404 417164   52    0    52 16772 9853 18871 28 59 12  2  0
 9  0 853168 103540 132340 393128  324 1184   324 16356 9463 16503 28 61 10  2  0
10  1 858836 108512  27828 145812    0 5616  1746 17968 8165 12953 23 75  2  0  0
15  0 922260 102216   7924 101868  148 66424 16674 70576 10146 6842 15 79  2  4  0
procs -----------memory---------- ---swap-- -----io---- -system-- ------cpu-----
 r  b 交换 空闲 缓冲 缓存   si   so    bi    bo   in   cs us sy id wa st
 8  2 879696 3670280  36452 275220  326 3890   873  5936  382  162 16 29 54  1  0
 9  0 879696 2639768  46320 345292  116    0 65472 16540 11243 19966 25 66  7  2  0
 6  1 879696 1559672  53376 362296  184    0  6296 17144 10861 19391 26 67  7  1  0
14  0 879440 330684  60848 370424   76    0    76 17648 9900 18885 27 66  6  1  0
 7  0 891368 110124  39940 227252   88 12316   740 26012 8821 13869 26 68  6  1  0
 6  2 925692 110884   6568  84868    8 34588  1867 47476 8510 12138 23 69  6  2  0
procs -----------memory---------- ---swap-- -----io---- -system-- ------cpu-----
 r  b 交换 空闲 缓冲 缓存   si   so    bi    bo   in   cs us sy id wa st
 5  1 921124 3769716  36568 237828  326 3891   875  5938  384  164 16 29 54  1  0
 8  0 920868 2773588  47624 319544  744    0 79098 16252 12509 21512 25 64  9  2  0
 5  0 920868 1662848  55096 336016  172    0  6489 17088 10973 19868 26 66  7  1  0
 4  0 920868 530864  61820 343948    0    0     0 16896 10576 18657 28 55 15  2  0
14  2 924420 669744  68608 366980 16144 4140 30269 20500 14308 24616 27 66  4  3  0
10  1 924420 2394332  73304 374976 15264    0 15268 12092 12557 17615 28 67  0  4  0
procs -----------memory---------- ---swap-- -----io---- -system-- ------cpu-----
 r  b 交换 空闲 缓冲 缓存   si   so    bi    bo   in   cs us sy id wa st
15  0 917764 3271096  96032 354172  326 3888   877  5936  385  167 16 29 54  1  0
 9  0 917508 2373556  99448 368848  940    0  7340 20244 9963 19333 28 66  6  1  0
 9  0 917508 1386736 102296 375340  544    0   544 17588 8275 16773 25 66  9  0  0
 4  1 917508 329104 105112 383652    0    0     4 18352 9065 17339 30 57 11  1  0
16  1 917208 135892  83004 294716    0 5648    28 20728 8574 14849 30 59 10  1  0
 6  1 919752 506024  85072 305064 3056 2844  5464 16680 8112 14374 38 54  7  1  0
procs -----------memory---------- ---swap-- -----io---- -system-- ------cpu-----
 r  b 交换 空闲 缓冲 缓存   si   so    bi    bo   in   cs us sy id wa st
 7  0 865716 3082880  97844 315092  326 3902   877  5950  386  169 16 29 54  1  0
 6  0 865552 1919236 102828 326416  256    0  4404 16572 11172 20102 29 58 11  2  0
10  1 865516 791668 108604 334568   60    0  1232 18672 10637 19976 29 56 13  2  0
10  0 865516 2124056 115468 343344    0    0     4 22800 9627 18670 34 57  9  1  0
 7  0 865516 5215980 116864 349888    0    0     0 18832 15317 18350 27 65  8  1  0
 5  0 865516 5999848 118152 358080    0    0     0 18212 10052 18260 31 56 12  2  0
procs -----------memory---------- ---swap-- -----io---- -system-- ------cpu-----
 r  b 交换 空闲 缓冲 缓存   si   so    bi    bo   in   cs us sy id wa st
12  0 865388 3440664 122908 323012  326 3900   876  5949  388  171 16 29 54  1  0
 6  0 865232 2758792 124136 330748  268    0  1380 15624 8928 16559 29 63  7  1  0
11  0 865204 1638932 126096 341080  100    0  3196 18792 9715 19216 28 62  9  1  0
 7  0 865204 594416 128176 349140    0    0     0 18844 9574 18642 32 54 13  1  0
 7  0 865200 3523388 130432 358948    0    0     0 20224 10671 19762 31 54 13  2  0
 5  0 865188 6104000 131496 367588   92    0  1442 14600 9872 15079 32 61  5  1  0
procs -----------memory---------- ---swap-- -----io---- -system-- ------cpu-----
 r  b 交换 空闲 缓冲 缓存   si   so    bi    bo   in   cs us sy id wa st
11  2 865108 3275920 133480 329332  326 3897   876  5947  389  174 16 29 54  1  0
 5  0 864952 2094640 133940 336488  164    0   184 16276 11101 19818 24 68  7  1  0
 7  0 864916 863880 134520 342540   84    0   220 18760 9242 19222 27 63  9  1  0
 6  0 864916 3652680 135052 349316    0    0     0 14612 9065 16591 32 53 12  2  0
 4  0 864916 5909824 135684 356248    0    0     0 16236 9143 17656 35 51 12  2  0
 4  1 864916 5188240 136584 365880    0    0     0 18676 9074 17489 37 55  7  1  0
procs -----------memory---------- ---swap-- -----io---- -system-- ------cpu-----
 r  b 交换 空闲 缓冲 缓存   si   so    bi    bo   in   cs us sy id wa st
10  0 864780 2285528 138380 337004  326 3895   875  5946  390  176 16 29 54  1  0
 5  0 864664 967472 138500 344280  220    0   296 19116 12226 22769 18 63 16  3  0
11  0 892704 101812 135112 333736  120 27600   192 42712 11224 17750 13 73  8  6  0
 4  0 899844 102476  10696  87292   12 7092  1490 15800 6455 10079 13 84  3  0  0
 9  9 965788 104508   4968 102656 1208 66828 34343 69240 7237 7316  2 90  0  7  0
16  2 1023984 102940   5400 126036 1080 59992 21407 61532 4925 3969 10 87  0  2  0
procs -----------memory---------- ---swap-- -----io---- -system-- ------cpu-----
 r  b 交换 空闲 缓冲 缓存   si   so    bi    bo   in   cs us sy id wa st
 8  0 871696 3712528  33532 389004  327 3900   880  5951  392  179 16 29 54  1  0
 6  0 868880 2725776  43792 470832  608    0 77764 16172 12756 21448 22 71  5  2  0
 8  1 867856 1307504  52128 473076  568    0  2044 20076 11295 22114 22 65 12  1  0
10  0 867984 110136  60320 473352  456  448  1128 19980 9554 18445 21 67 11  1  0
 4  1 874992 113996   8324 141264   12 7136  4069 18736 7708 11753 11 83  5  1  0
 7  2 958384 105204   6044 158564 2308 87660 44663 90908 12425 9287 19 77  1  3  0
procs -----------memory---------- ---swap-- -----io---- -system-- ------cpu-----
 r  b 交换 空闲 缓冲 缓存   si   so    bi    bo   in   cs us sy id wa st
 8  1 852652 2459888  39672 375056  330 3900   887  5951  393  181 16 29 54  1  0
 2  2 852396 1046408  49808 443304  500    0 64016 17580 13329 23220 16 68 12  4  0
 3  1 863276 105840  46096 357032  172 10960   660 24608 10900 16782 14 74  8  5  0
 7  2 873832 103316   7728 135556   12 11532 19476 24824 9243 14470 19 77  4  1  0
 3  0 874548 3364984  16100 165884   84  792 31391 20212 12555 23010 25 62 11  3  0
 5  1 874548 4697244  22500 179096    0    0  6134 15588 10270 19006 21 57 19  4  0
procs -----------memory---------- ---swap-- -----io---- -system-- ------cpu-----
 r  b 交换 空闲 缓冲 缓存   si   so    bi    bo   in   cs us sy id wa st
 5  0 870708 3568452  61872 335200  330 3898   890  5950  395  184 16 29 54  1  0
 5  0 869684 2498756  71484 416308 1364    0 77540 15504 11320 20282 13 75  9  3  0
 6  0 869428 1593120  79448 423408  152    0  1000 18876 10815 19354 24 66  9  1  0
 6  0 869428 459388  87044 428892   16    0    16 18252 11204 21101 10 66 20  4  0
 8  0 883148 125204  71688 300368   24 19220    32 29672 9479 12212 17 67  9  7  0
 3  2 883148 4949928  76056 304040  228   96   859 18224 11079 20395 27 49 21  3  0
procs -----------memory---------- ---swap-- -----io---- -system-- ------cpu-----
 r  b 交换 空闲 缓冲 缓存   si   so    bi    bo   in   cs us sy id wa st
10  0 880076 3008164  94640 318460  330 3896   891  5948  396  186 16 29 54  1  0
 8  0 879820 1876064  98384 360248 1532    0 35396 18324 12846 22901 14 70 13  3  0
 7  0 879308 318452 101876 376064 3492    0  8408 21568 12600 24790 15 69 13  3  0
 6  0 879308 5848996 104972 381032  152    0   381 18972 17252 20197 21 67 10  2  0
 6  0 879308 2807348 108352 387788    4    0     4 21904 13949 24431 18 61 18  3  0
 7  0 879308 2180276 112404 397244  136    0   136 25212 12721 25238 38 42 18  2  0
procs -----------memory---------- ---swap-- -----io---- -system-- ------cpu-----
 r  b 交换 空闲 缓冲 缓存   si   so    bi    bo   in   cs us sy id wa st
 5  0 876748 3056344 124700 393296  330 3893   892  5947  397  189 16 29 54  1  0
 7  0 875980 2221312 125952 416136 1628    0 11893 17324 11956 21370 18 75  6  2  0
 3  2 875980 937884 127260 425084   84    0    84 21412 14105 25968 13 63 21  3  0
 3  0 875724 1896936 128368 429536   16    0    16 18396 13818 23761 33 48 17  3  0
 7  0 875724 6158372 129692 438488    4    0     8 20108 11967 22227 16 63 18  3  0
 5  0 875724 5237724 130772 454044  484    0 13404 16384 12366 21107 22 54 21  3  0
procs -----------memory---------- ---swap-- -----io---- -system-- ------cpu-----
 r  b 交换 空闲 缓冲 缓存   si   so    bi    bo   in   cs us sy id wa st
 5  0 806948 1078812 135160 426784  330 3905   892  5960  399  192 16 29 54  1  0
 5  0 806436 1723064 135644 436792  912    0  1376 21532 12816 24099 31 49 16  4  0
 8  0 806436 6235968 136244 444844   36    0   108 19916 10522 21504 16 68 14  2  0
 3  0 806436 5132136 136900 450648   16    0    16 24120 11978 24332 28 51 19  2  0
 2  0 806436 4072588 137388 457100    4    0     4 23428 13454 26305 26 50 21  3  0
 4  0 806436 3034612 138024 460788    8    0     8 22148 14667 27046 25 51 20  4  0
procs -----------memory---------- ---swap-- -----io---- -system-- ------cpu-----
 r  b 交换 空闲 缓冲 缓存   si   so    bi    bo   in   cs us sy id wa st
13  0 806436 1758936 139428 424292  330 3903   891  5959  401  195 16 29 54  1  0
 3  1 806436 688740 139604 433052  176    0  1108 15912 11274 19926 11 69 18  2  0
 6  1 811976 108752  47916 234924    0 5580  1274 24048 11401 20727  7 80 11  2  0
10  2 849640 102048   8180 124240   60 37640 14240 42572 8844 8227  4 85  2  8  0
10  0 952384 102844   8240 141092   76 103428 32322 107456 13196 8130 17 76  2  6  0
 8  5 1070832 101600   8496 182400  148 119048 46409 122548 11607 7363  7 88  1  4  0
procs -----------memory---------- ---swap-- -----io---- -system-- ------cpu-----
 r  b 交换 空闲 缓冲 缓存   si   so    bi    bo   in   cs us sy id wa st
14  0 845968 4581928  37272 309364  330 3906   893  5962  402  197 16 29 54  1  0
12  0 845712 3843180  46676 399400  220    0 86348 15060 11498 20719 13 71 12  5  0
 5  1 845712 2557040  54584 414232 1432    0  8625 18708 12559 24167 13 65 18  4  0
 6  1 845712 4583780  63120 420040   12    0    16 21832 12776 25024 22 50 24  4  0
 5  1 845712 4355760  71960 426908   32    0    32 21516 11857 24745 19 53 23  5  0
 5  0 845712 3210924  81144 436700   36    0    36 23040 12900 26574 24 49 22  5  0
procs -----------memory---------- ---swap-- -----io---- -system-- ------cpu-----
 r  b 交换 空闲 缓冲 缓存   si   so    bi    bo   in   cs us sy id wa st
 8  0 845200 1165356 103080 444944  330 3904   895  5961  403  201 16 29 54  1  0
 9  0 846224 105256 107292 448176  184 1344  1724 19040 12656 22636 12 70 15  3  0
 7  0 858116 117940  25112 191064   48 11796  3370 24264 9810 14859 11 83  4  1  0
 5  0 863244 3482232  19388 163192    8 5164 25412 21452 11296 20023 17 66 13  4  0
 4  1 863244 6177976  26636 202148    0    0 29304 17572 10942 21764 10 62 25  3  0
 3  1 863244 4969012  36960 224244   88    0 15392 21392 11984 24054 20 55 22  3  0
procs -----------memory---------- ---swap-- -----io---- -system-- ------cpu-----
 r  b 交换 空闲 缓冲 缓存   si   so    bi    bo   in   cs us sy id wa st
 6  1 862476 2044896  78368 343452  330 3901   897  5960  405  203 16 29 54  1  0
 6  0 862476 739088  87248 421440  344    0 72272 18660 13177 23436  9 72 13  6  0
 6  0 889020 117764  75192 355916  636 27728  2752 41656 10786 17420 12 73 12  3  0
 5  1 992860 3050924  77692 345172  324 105128  2332 118904 14115 15858 13 72 11  4  0
 5  0 1090080 2005552  83012 352752   24 97416   432 111996 24574 16004  3 84 10  3  0
 4  1 1190456 136540  78048 327508   16 114960    64 127076 13549 15867  3 76 16  6  0
procs -----------memory---------- ---swap-- -----io---- -system-- ------cpu-----
 r  b 交换 空闲 缓冲 缓存   si   so    bi    bo   in   cs us sy id wa st
 8  0 844988 1013364  91540 327612  329 3916   897  5975  406  206 16 29 54  1  0
 3  1 844684 3461504  94952 342904 10880    0 17608 20480 13362 24948 17 60 18  5  0
 4  0 844652 6234160  99216 349660   64    0   556 17592 10476 19609 14 70 14  2  0
 4  0 844636 5183456 104188 354208   56    0    56 22596 12355 24855 24 54 18  4  0
 2  1 844616 4353720 108136 361444   72    0    72 18384 11521 21470 21 63 14  2  0
 2  0 844612 3311460 111228 369000    0    0     0 20896 13864 26128 19 54 23  5  0
procs -----------memory---------- ---swap-- -----io---- -system-- ------cpu-----
 r  b 交换 空闲 缓冲 缓存   si   so    bi    bo   in   cs us sy id wa st
 9  1 844452 1489336 123364 338100  329 3913   897  5974  408  209 16 29 54  1  0
 5  0 844212 640688 125168 346408  524    0  2552 21040 13972 27021 17 60 19  4  0
 5  0 844152 5923572 126532 353428   56    0    60 16352 10428 19433 16 68 14  3  0
 5  0 844152 5919140 128144 361248    0    0     0 20824 11486 21901 16 60 20  4  0
 7  1 844152 4840344 129620 367724    0    0     0 21436 13822 25934 24 49 22  4  0
 4  0 844152 3716176 131984 376480   68    0  1000 23048 14470 26766 21 51 24  4  0
procs -----------memory---------- ---swap-- -----io---- -system-- ------cpu-----
 r  b 交换 空闲 缓冲 缓存   si   so    bi    bo   in   cs us sy id wa st
14  0 843984 1281124 134916 350516  329 3911   896  5973  409  212 16 29 54  1  0
 6  0 843844 3664888 135620 361728  444    0  2891 19624 10362 19728 17 68 14  2  0
 7  0 843784 6303176 136292 369800   60    0    60 19820 9534 19427 16 70 14  1  0
 3  0 843664 5187140 137108 376424 2532    0  2712 23992 11254 23977 23 55 20  3  0
 5  0 843660 3888664 137820 384104    8    0     8 23668 12208 24930 19 54 25  2  0
 4  0 843660 2754664 138244 392832    0    0     0 23720 12006 23748 21 54 23  2  0
procs -----------memory---------- ---swap-- -----io---- -system-- ------cpu-----
 r  b 交换 空闲 缓冲 缓存   si   so    bi    bo   in   cs us sy id wa st
12  0 843412 3427444 139492 356108  329 3908   896  5972  411  215 16 29 54  1  0
 5  0 843380 2775576 139732 363608   72    0   559 16604 12374 21300 35 62  2  1  0
 6  2 843368 1771392 139936 371780   12    0    24 20728 13529 23662 34 60  5  1  0
 5  1 843304 514324 140132 375868  104    0   104 17252 11568 19678 36 57  7  1  0
13  1 850836 114640  98056 300044 1352 7376  6414 22124 10027 15882 26 67  5  1  0
 7  0 857884 103908  10464 111020 2248 6976  8439 18304 8520 13587 25 70  4  1  0
procs -----------memory---------- ---swap-- -----io---- -system-- ------cpu-----
 r  b 交换 空闲 缓冲 缓存   si   so    bi    bo   in   cs us sy id wa st
 8  1 841356 3470540  38580 364668  333 3914   903  5977  413  218 16 29 54  1  0
 8  0 840588 2440192  49092 447492  968    0 81204 16424 12593 22015 32 62  4  2  0
 9  0 840588 1516580  56708 455644   96    0  1616 17320 11762 20449 38 55  6  1  0
 8  0 840588 421596  65060 461880   28    0    28 19728 12636 21975 35 57  7  1  0
 7  0 849048 102380  44056 289028   20 8608   112 21396 9550 14811 27 71  2  0  0
 9  0 857056 101220   8500 121200    0 8100  5508 17480 6915 10185 25 71  3  1  0
procs -----------memory---------- ---swap-- -----io---- -system-- ------cpu-----
 r  b 交换 空闲 缓冲 缓存   si   so    bi    bo   in   cs us sy id wa st
15  0 873416 3420212  46972 327032  337 3916   911  5979  415  221 16 29 54  1  0
 9  0 872904 2546136  58664 407080  820    0 75292 19588 14442 24860 29 66  4  2  0
 7  0 872904 1371108  66512 417484  172    0  1120 18512 11360 20653 32 62  5  1  0
 8  0 872904 269368  73556 425572  852    0   852 16320 10548 18385 36 58  5  1  0
 8  1 881208 127044  46472 272352   72 8744   332 24308 9683 16408 37 55  6  1  0
10  0 891700 137056  11496 122952   12 11008  2054 24160 8810 13592 26 72  2  0  0
procs -----------memory---------- ---swap-- -----io---- -system-- ------cpu-----
 r  b 交换 空闲 缓冲 缓存   si   so    bi    bo   in   cs us sy id wa st
 7  1 888172 3633584  50236 296496  337 3913   914  5978  416  224 16 29 54  1  0
 6  0 888172 2763432  59068 376108  580    0 73100 18024 13306 22744 35 60  3  2  0
 5  0 888172 1721892  69120 385144  188    0  1688 23664 12027 22347 33 61  6  0  0
 5  0 887916 671568  77540 389136    8    0     8 18972 11454 20863 33 57  8  1  0
 7  0 887916 3481828  83840 396504    4    0     4 17784 10328 19001 37 55  7  1  0
 8  1 887916 3206196  86664 403636  108    0   495 16488 9638 17359 42 51  6  1  0
procs -----------memory---------- ---swap-- -----io---- -system-- ------cpu-----
 r  b 交换 空闲 缓冲 缓存   si   so    bi    bo   in   cs us sy id wa st
10  0 887336 3698636 102112 387616  337 3913   914  5978  418  226 16 29 54  1  0
 5  1 886568 2800928 105808 399372 3076    0  8668 19388 12723 23082 38 53  8  1  0
 6  0 886312 1671012 109384 407636  228    0   716 19988 12919 22557 33 61  5  1  0
 7  0 886312 517144 112132 412160   76    0    76 18664 11224 19959 36 56  8  1  0
 7  1 913132 220540 114892 418856  120 26748   238 43328 11547 17792 42 51  7  1  0
10  2 1003188 3059612 116072 426496  108 90020   668 101352 9618 11642 26 67  5  2  0
procs -----------memory---------- ---swap-- -----io---- -system-- ------cpu-----
 r  b 交换 空闲 缓冲 缓存   si   so    bi    bo   in   cs us sy id wa st
16  0 870660 2533656 122004 415640  337 3927   914  5993  419  229 16 29 54  1  0
 8  1 870404 1803800 123048 422012  500    0   668 16660 12198 20541 35 63  2  0  0
 7  1 870244 877232 124372 433296 12496    0 14796 19320 13584 23112 30 61  7  2  0
 6  0 870240 418600 125616 437648   16    0    16 18692 12201 21135 42 54  4  0  0
 7  0 965704 3395504 126548 444084    0 95012     0 109616 11743 15979 32 59  7  3  0
 8  0 1090980 2991804 127360 454416 1572 125496  4428 140900 12006 17052 35 54  7  3  0
procs -----------memory---------- ---swap-- -----io---- -system-- ------cpu-----
 r  b 交换 空闲 缓冲 缓存   si   so    bi    bo   in   cs us sy id wa st
 9  0 855316 2662636 130208 422052  337 3941   914  6007  421  231 16 29 54  1  0
 9  0 855140 1659464 131100 429384  952    0  1216 21380 12505 23057 32 63  5  0  0
 5  1 855056 805572 131532 437464  116    0   772 19512 8923 18482 45 51  4  0  0
 5  0 854764 2826456 131920 447984 1192    0  5047 16792 10032 17918 39 57  4  0  0
 8  0 854764 5554260 132404 453348    0    0     4 20152 12139 22523 32 56 10  2  0
 6  0 854744 2964984 132976 455460  640    0   640 19460 12146 21726 35 58  6  1  0
procs -----------memory---------- ---swap-- -----io---- -system-- ------cpu-----
 r  b 交换 空闲 缓冲 缓存   si   so    bi    bo   in   cs us sy id wa st
 9  0 853920 2572256 134156 433972  337 3939   913  6006  422  234 16 29 54  1  0
 5  0 853760 1499596 134332 441384  680    0  1220 20340 14200 24747 28 60 11  1  0
 6  0 853684 664588 134496 446944  100    0   100 15168 11007 18884 25 68  6  1  0
10  0 855476 100580 109072 366324    0 1060     0 16844 9492 16418 25 63 10  1  0
 9  3 869856 101228  12564 126892   24 14936 15296 22700 8008 10112 22 72  3  3  0
10  0 983016 101376  12028 141384   96 113008 31176 115708 9309 6203  9 86  0  4  0
procs -----------memory---------- ---swap-- -----io---- -system-- ------cpu-----
 r  b 交换 空闲 缓冲 缓存   si   so    bi    bo   in   cs us sy id wa st
 8  0 833448 3657848  34688 380984  343 3945   922  6012  424  236 16 29 54  1  0
12  0 832936 2874876  42588 464248 2100    0 81675 13640 12312 20382 29 66  3  2  0
 6  0 832936 2503480  46900 473140  196    0  4768  8672 6344 10461 32 65  1  2  0
 5  0 832936 1893152  50792 478432   32    0   916 11016 7777 12916 28 59 11  1  0
 7  1 832936 888176  57916 486964  196    0   772 17004 10559 18300 26 63 10  2  0
 6  1 835928 106244  54276 438740    0 2636   128 15832 8828 14912 27 60 12  1  0
procs -----------memory---------- ---swap-- -----io---- -system-- ------cpu-----
 r  b 交换 空闲 缓冲 缓存   si   so    bi    bo   in   cs us sy id wa st
11  0 859892 3944580  35476 312272  342 3963   925  6030  426  239 16 29 54  1  0
 5  0 859480 2947180  42396 380716  520    0 63516 15948 10657 18135 27 62  8  3  0
10  0 859276 1749504  50184 388684  248    0  1104 19656 8771 17615 25 67  8  1  0
 9  3 859276 627608  57448 393892    0    0     8 18280 9760 17411 25 66  9  0  0
 8  1 866580 107140  53272 344960    8 7064    32 21564 9213 14478 30 62  6  1  0
 4  0 869320 3283292  40036 258432    0 2928   292 18212 8681 14428 20 69 10  2  0
procs -----------memory---------- ---swap-- -----io---- -system-- ------cpu-----
 r  b 交换 空闲 缓冲 缓存   si   so    bi    bo   in   cs us sy id wa st
 8  0 865736 1867832  73512 298364  342 3961   926  6028  427  241 16 29 54  1  0
 5  1 865480 1386320  77940 338256 1432    0 37080 14156 11461 18889 33 57  8  2  0
 9  0 865480 4063448  81244 344984   64    0   400 15556 9752 18324 26 63 10  1  0
12  0 865480 3228036  84940 352916  316    0  2293 19388 11074 20814 30 55 14  2  0
 8  0 865480 2823828  88348 361548    4    0     8 18136 9255 17412 41 52  7  1  0
 4  1 865224 5787784  91980 364400    4    0     4 18660 10646 19704 27 58 13  2  0
procs -----------memory---------- ---swap-- -----io---- -system-- ------cpu-----
 r  b 交换 空闲 缓冲 缓存   si   so    bi    bo   in   cs us sy id wa st
 9  0 864712 3469120 108248 356604  342 3958   926  6026  429  243 16 29 54  1  0
 6  2 863944 2450044 111384 367604 1096    0  4287 18008 11448 20199 26 63  9  1  0
 7  0 863944 1383344 113040 384052  500    0  6497 16476 9975 18885 25 67  6  2  0
 9  1 863688 563108 114436 392984  404    0  2459 15888 9919 17738 28 62  8  2  0
 8  1 863688 232232 115648 401596    0    0   116 16844 9084 16488 40 48 11  1  0
 7  0 863688 6520340 117288 405184    0    0     0 22164 9831 19811 22 65 12  1  0
procs -----------memory---------- ---swap-- -----io---- -system-- ------cpu-----
 r  b 交换 空闲 缓冲 缓存   si   so    bi    bo   in   cs us sy id wa st
 7  0 863688 3570372 124212 394500  342 3956   926  6025  430  245 16 29 54  1  0
 5  0 863688 2499800 125224 400992  236    0   628 15368 11266 19146 26 63 10  1  0
 7  0 863432 1452756 126464 408924  176    0   176 19000 11795 20774 27 65  8  1  0
 4  0 863432 618132 127204 412428    0    0     0 16072 8290 15709 28 60 11  1  0
 9  0 863432 784616 127572 419444 2524    0  3700 11100 7139 12624 51 42  5  2  0
 5  2 863432 5634872 127992 425856   12    0    12 15216 10352 16642 24 61 13  1  0
procs -----------memory---------- ---swap-- -----io---- -system-- ------cpu-----
 r  b 交换 空闲 缓冲 缓存   si   so    bi    bo   in   cs us sy id wa st
 8  0 863432 3598184 130768 393240  342 3953   926  6023  431  248 16 29 54  1  0
 7  0 863176 2604308 131264 400000  288    0   572 15644 10666 19083 32 58  9  1  0
 7  0 862920 1493768 131644 407224  136    0   136 15952 10709 19600 26 59 13  2  0
 5  0 862920 793500 132048 413360    8    0     8 16524 9011 16939 34 52 13  1  0
 5  0 862920 3357328 132380 420196    0    0    32 13948 7822 14365 39 48 13  1  0
 7  0 862920 6308800 132756 428544    0    0     0 20772 11178 20464 26 60 13  2  0
procs -----------memory---------- ---swap-- -----io---- -system-- ------cpu-----
 r  b 交换 空闲 缓冲 缓存   si   so    bi    bo   in   cs us sy id wa st
11  0 851832 3136696 133872 394556  342 3953   925  6024  432  250 16 29 54  1  0
 5  0 851832 2368672 133980 400196  176    0   536 10804 8267 14279 20 58 18  4  0
 3  0 851832 1403024 134152 407220   84    0   692 15252 10367 18542 18 64 15  3  0
 9  0 852644 100868 133672 406660    0  668   260 20248 11418 22084 16 64 17  3  0
 9  0 857584 101004  14540 127220   68 4968  3845 17244 8967 14717 11 84  4  1  0
13  0 955136 102236  11324 136300 1232 100016 17428 102720 13164 8992  5 82  3 10  0
procs -----------memory---------- ---swap-- -----io---- -system-- ------cpu-----
 r  b 交换 空闲 缓冲 缓存   si   so    bi    bo   in   cs us sy id wa st
 5  0 854596 3784236  42644 355236  347 3959   933  6028  434  253 16 29 54  1  0
11  0 854084 2990104  50084 424760  176    0 64824 13116 10197 17503 23 67  7  3  0
 5  0 853572 2221448  54932 431968  464    0  1866 13504 9844 17153 16 65 17  2  0
 5  0 853572 1149944  61096 440900    0    0     0 16128 9843 18219 15 67 15  3  0
 6  0 855048 101060  65668 432152   36 1340  1260 16712 9904 17877 10 64 24  2  0
 5  0 861136 108524   7452 140864    4 6264  2799 16376 6403 9487 14 80  5  1  0
procs -----------memory---------- ---swap-- -----io---- -system-- ------cpu-----
 r  b 交换 空闲 缓冲 缓存   si   so    bi    bo   in   cs us sy id wa st
13  0 928696 3619112  22580 323964  434 4028  1023  6083  450  271 16 29 54  1  0
 7  2 927416 2549712  30472 411132 5312    0 86872 13492 10445 18156 14 73  8  5  0
11  0 926136 1252456  36964 418012 1256    0  3172 14664 10166 18583 12 68  9 11  0
 6  0 929800 103320  43244 359732  428 4264  1192 18052 9331 16195 17 66 12  4  0
 5  0 938896 103020   8576 133128 1488 8992  8617 17036 7020 9716 19 73  7  1  0
 7  0 966708 148252   5760 110028   60 48808 14389 57336 9363 9263 29 60  6  5  0
procs -----------memory---------- ---swap-- -----io---- -system-- ------cpu-----
 r  b 交换 空闲 缓冲 缓存   si   so    bi    bo   in   cs us sy id wa st
 4  1 946780 2403496  45932 329432  434 4025  1027  6081  452  274 16 29 54  1  0
 2  1 946012 1146024  54900 405104  944    0 73720 14004 11498 19450 17 66 12  5  0
 4  1 945756 335192  59820 413764  460    0  1328 13540 8811 15484 21 65 12  2  0
 6  0 950060 173444  55920 278844   24 5168   288 20444 9132 15816 21 61 17  1  0
 3  1 950060 6434664  63592 286268  128    0   678 17184 9841 18876 16 70 13  1  0
 5  0 950060 5486656  71156 294804 1564    0  2316 18792 10435 20528 25 52 21  2  0
procs -----------memory---------- ---swap-- -----io---- -system-- ------cpu-----
 r  b 交换 空闲 缓冲 缓存   si   so    bi    bo   in   cs us sy id wa st
 5  1 946732 2421120  96196 303472  434 4023  1028  6079  453  276 16 29 54  1  0
 5  0 946220 1799872  99160 331400  636    0 24064 13340 9674 16464 20 67 11  3  0
 7  0 946220 714760 102188 337156  112    0   356 16956 12543 22162 15 67 16  2  0
 6  0 946220 1564752 105140 342672    4    0     4 18508 10997 21636 26 49 21  4  0
 4  0 945964 6133844 108272 350936    0    0     0 19604 11203 22014 17 60 21  3  0
 4  0 945964 5208136 111480 352216    0    0     4 19088 11937 22040 26 51 20  3  0
procs -----------memory---------- ---swap-- -----io---- -system-- ------cpu-----
 r  b 交换 空闲 缓冲 缓存   si   so    bi    bo   in   cs us sy id wa st
 8  0 944172 2601000 122712 346736  434 4020  1028  6077  454  278 16 29 54  1  0
 6  0 942892 1478132 123988 360296 2336    0  9044 18656 12651 21728 17 64 17  2  0
 9  0 942892 502908 124996 367500   96    0    96 16184 11257 20031 24 57 17  2  0
 7  0 942892 5728212 126096 374484    4    0    20 20352 11552 21699 18 62 17  3  0
 3  1 942892 2932464 127268 376932    4    0     4 18508 10769 20127 18 62 19  2  0
 3  1 942892 2490256 128468 385768    4    0   324 19380 11486 21392 31 48 19  2  0
procs -----------memory---------- ---swap-- -----io---- -system-- ------cpu-----
 r  b 交换 空闲 缓冲 缓存   si   so    bi    bo   in   cs us sy id wa st
 8  0 942892 2379552 133432 352216  433 4018  1027  6076  455  281 16 29 54  1  0
 7  1 942380 1241980 134208 358820  472    0  1140 19660 11125 21594 15 67 17  1  0
 2  0 942380 742612 134792 368320   36    0   108 19744 10591 20387 30 57 12  1  0
 5  0 942380 6489420 135284 375544   16    0    16 18912 9846 18777 14 67 18  1  0
 4  0 942380 5606308 135724 384188    0    0     0 19192 10642 20673 18 55 25  2  0
 8  0 942380 5052688 136024 394436   40    0  4444 15384 8576 16184 31 51 16  1  0
procs -----------memory---------- ---swap-- -----io---- -system-- ------cpu-----
 r  b 交换 空闲 缓冲 缓存   si   so    bi    bo   in   cs us sy id wa st
11  1 868588 2630424 137956 369056  433 4030  1027  6088  457  283 16 29 54  1  0
 3  0 868076 1520976 138272 376980  108    0   424 14188 10045 18392 14 67 16  3  0
 5  0 868076 128080 138540 385668  152    0  1382 17376 10690 20616 10 66 21  4  0
 4  0 871740 106724  10788 123112   92 3800  4696 14948 7505 12949  3 85 10  2  0
 9  3 963868 101532   4016 123500   84 92008 33938 94412 10138 8301  2 85  3 10  0
 6  2 1096428 101572   5324 153324  152 138512 26122 141080 14219 8844  2 83  1 13  0
procs -----------memory---------- ---swap-- -----io---- -system-- ------cpu-----
 r  b 交换 空闲 缓冲 缓存   si   so    bi    bo   in   cs us sy id wa st
 7  0 860520 3141328  30296 361976  439 4036  1035  6093  459  286 16 29 53  1  0
 5  0 860520 1919116  38000 449692  704    0 85328 12068 9921 16838 10 74 10  6  0
 2  0 860520 600772  44624 457708   80    0  1064 16152 9369 18668 11 69 17  2  0
 4  0 864480 110572  41048 372800    4 3664    68 13964 7327 11941  8 79 11  2  0
 7  0 877836 108584   3388 112784    8 13416  3880 20740 7300 9400  4 91  4  1  0
 5  0 1010168 101488   5108 123256 5592 134564 21187 138940 15431 7965  2 82  3 13  0
procs -----------memory---------- ---swap-- -----io---- -system-- ------cpu-----
 r  b 交换 空闲 缓冲 缓存   si   so    bi    bo   in   cs us sy id wa st
 3  1 955460 2243916  26816 304892  547 4126  1147  6162  482  310 16 29 53  2  0
 7  0 954436 869176  35256 406460 7344    0 100743 15860 11566 20626 12 78  5  5  0
 7  1 959792 107408  33824 300876 1604 6904  4595 22652 8614 15130  7 85  6  1  0
 5  0 963824 103156  13664 174540  872 5008 24375 14788 8342 13046 18 77  3  1  0
 7  1 974040 102028   9016 142836   44 12044  1080 15412 4833 5301 16 80  3  1  0
 7  0 1059992 127176   9884 145528 6780 86464 12792 91316 11608 9405  3 81  4 12  0
procs -----------memory---------- ---swap-- -----io---- -system-- ------cpu-----
 r  b 交换 空闲 缓冲 缓存   si   so    bi    bo   in   cs us sy id wa st
 6  0 875640 1731944  36196 294156  553 4140  1155  6174  484  313 16 30 53  2  0
 4  1 874972 392392  45448 370308 2284    0 73576 15688 11102 19306 12 77  7  4  0
 4  1 878500 138276  34088 266876  212 3528  3392 15964 8310 14359 19 75  5  2  0
 6  0 878500 3395736  40868 273120    0    0   354 16472 15079 17678 18 63 17  2  0
 6  0 878500 6311640  50456 281328    8    0    68 23496 22385 18889  9 82  8  1  0
 2  0 878500 5242952  58768 291620 2688    0  5944 19816 11809 23416 21 52 24  2  0
procs -----------memory---------- ---swap-- -----io---- -system-- ------cpu-----
 r  b 交换 空闲 缓冲 缓存   si   so    bi    bo   in   cs us sy id wa st
 5  0 876708 2402648  90012 312856  552 4137  1156  6173  486  315 16 30 53  2  0
 3  1 876452 1343796  92836 341120  636    0 22500 14316 9906 18142 11 70 15  4  0
 4  0 876196 238040  95308 352184  588    0  3948 16260 10164 19369  8 72 17  3  0
 4  0 876196 6521624  97688 358388   20    0    20 16668 9429 18067 23 48 25  4  0
 6  0 876196 5744200 100512 365508   16    0   290 17744 10434 20189 16 56 23  5  0
12  0 876196 4700680 102988 374224 1460    0  2628 15716 10662 19304 18 52 25  4  0
procs -----------memory---------- ---swap-- -----io---- -system-- ------cpu-----
 r  b 交换 空闲 缓冲 缓存   si   so    bi    bo   in   cs us sy id wa st
13  1 876196 1884908 115520 339044  552 4135  1156  6171  487  318 16 30 53  2  0
 4  0 875940 540572 117556 348036  216    0   884 17200 11878 21978  9 68 20  3  0
 4  0 875940 4900848 118452 354096   84    0    88 15912 10014 18535 24 60 14  3  0
 6  0 875940 6177772 119224 358064   12    0    12 13820 8234 15469 13 63 19  5  0
 4  1 875940 5375008 120160 366260    8    0     8 16084 9175 17155 22 53 21  5  0
 2  2 875940 4281832 121468 374336    0    0     0 20132 12169 23852 20 51 23  5  0
procs -----------memory---------- ---swap-- -----io---- -system-- ------cpu-----
 r  b 交换 空闲 缓冲 缓存   si   so    bi    bo   in   cs us sy id wa st
 9  0 874916 1751800 126784 346488  552 4132  1155  6169  488  320 16 30 53  2  0
 2  1 874404 3376732 128060 353892 1456    0  2328 19928 13648 24550 13 69 16  3  0
 5  0 874404 4393712 129256 362976  104    0   324 17788 10372 20068 17 69 11  3  0
 3  0 874404 5361284 130024 367876    4    0     4 17600 14414 19123 13 68 15  3  0
 5  0 874404 4354548 130472 376268    0    0     0 19816 11902 22322 22 54 20  4  0
 2  0 874404 3207444 130792 380324   48    0   862 17672 12205 22448 16 54 26  3  0
procs -----------memory---------- ---swap-- -----io---- -system-- ------cpu-----
 r  b 交换 空闲 缓冲 缓存   si   so    bi    bo   in   cs us sy id wa st
 9  2 873892 3629912 132980 353420  552 4130  1154  6168  489  322 16 30 53  2  0
 6  0 873636 2758032 133428 361796  228    0  1288 18044 11083 20365 35 59  6  1  0
 8  0 873636 1823892 133904 369144   44    0    44 16452 10179 19107 35 57  7  1  0
 6  0 873636 1124104 134328 372280   64    0    64 16040 11010 18156 36 59  5  0  0
 6  0 874672 115136 131128 353008    0  960     0 18532 10042 18157 32 57 10  1  0
 9  1 876384 112836  12444 129116   52 1616 14915 13428 7976 13342 22 74  4  1  0
procs -----------memory---------- ---swap-- -----io---- -system-- ------cpu-----
 r  b 交换 空闲 缓冲 缓存   si   so    bi    bo   in   cs us sy id wa st
 9  0 861260 4463040  37160 341064  551 4131  1157  6170  490  325 16 30 53  2  0
10  1 861004 3634996  45428 425568  248    0 80360 14676 11878 19643 31 62  5  2  0
11  0 861004 2586960  53336 431736   60    0  2248 15280 10652 18391 32 60  7  1  0
 6  0 860492 1629276  60164 452368  368    0 14032 15732 9815 16841 34 58  6  1  0
 7  0 860492 594312  67676 465008   88    0  4808 17504 10388 18030 29 62  7  1  0
14  0 864072 101112  62676 366532   44 3800    72 17812 9339 16101 29 66  5  0  0
procs -----------memory---------- ---swap-- -----io---- -system-- ------cpu-----
 r  b 交换 空闲 缓冲 缓存   si   so    bi    bo   in   cs us sy id wa st
 7  1 870524 4189532  40056 304428  551 4144  1160  6182  492  327 16 30 53  2  0
10  0 870260 3347628  49592 382996  364    0 74672 16216 12108 20896 36 56  6  2  0
 7  0 869960 2284744  56304 390204  376    0  1440 15220 11020 19068 36 57  6  1  0
 9  0 869956 1623004  60688 394148   24    0    24 11336 7875 13428 36 57  7  1  0
 4  0 869932 716328  67224 402712   32    0    32 15840 9250 16850 33 63  4  0  0
10  0 874736 108052  58840 316524    0 4168     0 18060 9391 15393 31 60  8  1  0
procs -----------memory---------- ---swap-- -----io---- -system-- ------cpu-----
 r  b 交换 空闲 缓冲 缓存   si   so    bi    bo   in   cs us sy id wa st
 7  0 886172 4221268  36272 300400  552 4142  1164  6181  493  329 16 30 53  2  0
 3  0 885916 3392744  44688 380120  356    0 73540 17108 12715 21091 33 62  3  3  0
 8  0 885660 2253696  50852 391308  812    0  4132 15608 9313 16791 33 59  7  1  0
 7  0 885660 1252344  58216 398436  152    0  1370 17860 10252 18410 34 60  5  1  0
 8  0 885660 268800  66008 404880   16    0   316 17456 10212 18434 31 62  6  1  0
 6  0 892460 139040  57224 329044   20 6784    36 20388 9644 15478 38 58  3  1  0
procs -----------memory---------- ---swap-- -----io---- -system-- ------cpu-----
 r  b 交换 空闲 缓冲 缓存   si   so    bi    bo   in   cs us sy id wa st
 8  0 890412 3983628  86628 331652  552 4140  1165  6179  495  331 16 30 53  2  0
12  0 889900 3153820  90424 368752 2288    0 31660 16724 10365 19113 31 64  4  1  0
10  0 889900 2513024  93176 381696 1912    0  5461 14812 10201 18149 32 64  3  1  0
 6  1 889900 1537044  95948 388196   12    0   263 17456 9413 17520 35 55 10  1  0
 7  0 889900 610216  98652 394500   28    0    32 15872 9874 17101 35 58  6  1  0
 9  0 889900 239524 100664 402388    4    0    12 13820 8408 14505 46 47  6  2  0
procs -----------memory---------- ---swap-- -----io---- -system-- ------cpu-----
 r  b 交换 空闲 缓冲 缓存   si   so    bi    bo   in   cs us sy id wa st
12  0 889644 4368992 111584 380044  552 4137  1165  6177  496  333 16 30 53  2  0
 4  2 889132 3505252 113568 390344  728    0  3681 12892 9394 16467 31 64  4  1  0
 8  0 889132 2486192 116080 400816   48    0  2686 15256 10357 18425 35 58  6  1  0
 9  1 889132 1467872 117256 405544   16    0    16 17124 10589 19543 32 58  8  1  0
 7  0 889132 733796 118292 413720    0    0     0 15924 10045 17343 43 49  7  1  0
 9  0 889132 3242524 119600 420796   12    0    16 20468 11020 20067 33 60  7  1  0
procs -----------memory---------- ---swap-- -----io---- -system-- ------cpu-----
 r  b 交换 空闲 缓冲 缓存   si   so    bi    bo   in   cs us sy id wa st
 9  0 888620 2099736 125160 388112  552 4135  1164  6175  497  335 16 30 53  2  0
 5  0 888620 4471332 126332 394956  136    0   636 16884 10430 20063 34 59  6  1  0
 6  0 888620 3746012 127512 401680   28    0    36 16496 11241 19737 35 59  5  1  0
 4  0 888620 2994888 128412 406688    0    0     8 20256 10021 18870 41 51  7  1  0
10  0 888620 5503532 128868 413920   24    0    24 17984 10396 18993 37 55  6  1  0
 7  1 888620 4695620 129240 421720    0    0   384 17792 11341 19566 41 51  6  1  0
procs -----------memory---------- ---swap-- -----io---- -system-- ------cpu-----
 r  b 交换 空闲 缓冲 缓存   si   so    bi    bo   in   cs us sy id wa st
12  0 862080 2471244 131856 394420  551 4141  1163  6182  498  337 16 30 53  2  0
 6  1 861824 1792240 132216 401036  420    0   524 14936 9203 17536 27 70  2  0  0
 8  1 861824 574804 132772 408200   48    0    48 21372 9887 20467 27 61 12  1  0
 7  0 864024 102100  56760 223228   24 2420   336 17384 9882 17212 21 72  6  1  0
10  1 864824 101944   7856 112476    0  740 18517  9616 6054 9739 19 77  3  1  0
12  0 927080 100524   5560 116984    4 62000 20616 63136 10859 6435 19 65  1 15  0
procs -----------memory---------- ---swap-- -----io---- -system-- ------cpu-----
 r  b 交换 空闲 缓冲 缓存   si   so    bi    bo   in   cs us sy id wa st
10  1 842240 3218796  35932 338212  555 4146  1169  6187  500  340 16 30 53  2  0
 6  1 842240 2430660  44024 424988  316    0 84348 12396 10616 17232 30 66  3  2  0
13  0 842240 1338744  52132 434064  200    0  3484 16596 10243 18890 25 66  7  3  0
 6  2 842240 196932  61400 439380    0    0   152 22812 10083 20255 27 60 12  1  0
 7  0 855272 107968  28160 241372   20 13036  1226 26608 8578 12407 25 68  6  0  0
15  0 899048 100580  10712 151924    0 43888 34753 54176 9821 12340 29 65  3  3  0
procs -----------memory---------- ---swap-- -----io---- -system-- ------cpu-----
 r  b 交换 空闲 缓冲 缓存   si   so    bi    bo   in   cs us sy id wa st
10  0 889788 4572096  34820 334412  555 4148  1173  6189  501  341 16 30 53  2  0
 8  0 889532 3689120  43160 414712  376    0 76800 12704 10318 17273 31 64  3  2  0
 5  0 889532 2619148  50852 424612  128    0   956 19080 11055 20500 27 61 10  2  0
 2  1 889276 1414852  57712 432008  180    0   476 17016 8666 16563 27 62 10  1  0
 8  0 890836 104716  64288 436288   72 1888   536 18648 9247 16944 23 62 14  1  0
11  0 898500 109024  26420 222788  284 7980  2559 20852 8600 13495 31 64  5  1  0
procs -----------memory---------- ---swap-- -----io---- -system-- ------cpu-----
 r  b 交换 空闲 缓冲 缓存   si   so    bi    bo   in   cs us sy id wa st
11  0 918776 3656232  40848 287600  555 4146  1176  6188  503  344 16 30 53  2  0
 5  0 918776 2666708  50376 373508  552    0 83168 15660 11698 20609 25 60 12  3  0
 3  0 918008 1757112  56472 380856  564    0  2057 14328 10120 17929 30 62  8  1  0
 5  0 918008 650580  65628 386380    0    0     0 20244 10681 19765 25 64 10  1  0
 7  0 946568 491968  70048 355100    8 28420    12 45560 8494 14963 33 58  8  1  0
10  0 982312 3395924  75516 360832    4 35828    28 49484 10278 13392 24 65  9  3  0
procs -----------memory---------- ---swap-- -----io---- -system-- ------cpu-----
 r  b 交换 空闲 缓冲 缓存   si   so    bi    bo   in   cs us sy id wa st
 9  0 884304 3914932  96904 355752  555 4159  1177  6200  504  346 16 30 53  2  0
 5  0 884108 2863100  99788 364644  292    0  3156 16680 11757 20510 25 66  7  2  0
 6  0 883972 1652260 102468 375124  248    0  2210 17572 9952 19203 26 57 14  2  0
 5  0 883940 494348 105004 382840  340    0  1540 16944 9795 18402 22 61 15  2  0
 5  0 883916 282164 107272 389960   84    0    84 15192 8613 15680 44 48  7  1  0
 7  0 883916 6455920 109728 398396    8    0     8 17704 9593 17786 20 61 16  2  0
procs -----------memory---------- ---swap-- -----io---- -system-- ------cpu-----
 r  b 交换 空闲 缓冲 缓存   si   so    bi    bo   in   cs us sy id wa st
10  0 882172 3335816 121204 370032  554 4161  1176  6204  505  348 16 30 53  2  0
 4  0 881916 2374772 122164 385152 2824    0  7175 14852 10740 19091 25 67  6  2  0
 7  0 881916 1416668 123256 391032   92    0   476 16572 10616 18335 33 57  9  1  0
 8  0 881916 644064 124180 397464    4    0     4 15844 9693 17486 29 53 16  2  0
 3  0 881660 3488328 125388 404696  836    0   956 18696 10453 19629 33 55 10  2  0
 6  1 881660 6235064 126324 409376   68    0    68 14216 9173 16346 33 53 13  2  0
procs -----------memory---------- ---swap-- -----io---- -system-- ------cpu-----
 r  b 交换 空闲 缓冲 缓存   si   so    bi    bo   in   cs us sy id wa st
 6  0 864100 3218772 131772 385676  554 4163  1176  6206  506  350 16 30 53  2  0
 7  0 864100 2425012 132676 392184  288    0   396 14436 9442 17248 28 61  9  2  0
 3  1 864100 1129740 133272 399208   40    0    40 18604 10237 19562 28 57 13  2  0
 9  0 864100 974240 133740 404892   28    0    28 16700 9862 17924 43 51  5  1  0
 6  0 864100 5744408 134152 411312    8    0     8 19640 10437 20550 27 59 11  2  0
 8  0 864100 3778608 134524 418100   16    0    16 17960 9979 19471 31 60  8  1  0
procs -----------memory---------- ---swap-- -----io---- -system-- ------cpu-----
 r  b 交换 空闲 缓冲 缓存   si   so    bi    bo   in   cs us sy id wa st
 8  1 864100 2333160 136952 386904  554 4160  1175  6204  507  352 16 30 53  2  0
 3  0 863588 1143060 137476 401760 2852    0 10140 16128 11590 20644 21 62 15  2  0
10  0 865080 111636 119536 350580   24 1316   128 18628 11001 20414 14 70 14  2  0
 5  0 866652 109340  12928 138836   16 2052 12264 14136 6679 11965 14 83  2  0  0
11  2 935404 101812   8120 129044  204 68448 29828 70612 9995 7449  7 83  1  8  0
 6  7 1063940 102532   9244 154148 1452 130560 23166 134200 12735 8790  8 82  1  8  0
procs -----------memory---------- ---swap-- -----io---- -system-- ------cpu-----
 r  b 交换 空闲 缓冲 缓存   si   so    bi    bo   in   cs us sy id wa st
10  0 864284 1992976  38248 317552  558 4165  1181  6208  509  355 16 30 53  2  0
 6  2 864284 1162288  44780 403240  528    0 81232 11968 9453 16659 21 70  5  5  0
 9  1 864796 111632  51692 411032  276 1312  2880 16828 9792 17622 17 72  9  1  0
 5  1 874120 102428  26328 254612   72 9204  1574 18340 6654 10811 22 75  3  0  0
15  1 888212 102468   6652 137972  112 14568 29815 24100 8808 12770 14 82  2  2  0
 6  0 980544 2234712   9044 167496  452 92008 30042 98040 12976 8422  8 88  2  3  0
procs -----------memory---------- ---swap-- -----io---- -system-- ------cpu-----
 r  b 交换 空闲 缓冲 缓存   si   so    bi    bo   in   cs us sy id wa st
10  1 891360 2857792  47028 312400  559 4164  1185  6207  510  357 16 30 53  2  0
 3  0 891104 1983624  54744 392156  468    0 72608 15460 11082 19883 20 70  7  4  0
 4  0 891104 622360  61804 403864  128    0  3842 17960 10450 19768 13 65 19  3  0
 8  0 902764 107580  37388 269948  168 11592   332 26004 9283 15599 14 72 11  2  0
 4  0 906272 134272  11080 135112   16 3572 17520 15124 7767 13345 29 62  8  2  0
 6  1 906784 1268276  17864 141492   88  476  3838 20268 9175 18958 25 56 17  2  0
procs -----------memory---------- ---swap-- -----io---- -system-- ------cpu-----
 r  b 交换 空闲 缓冲 缓存   si   so    bi    bo   in   cs us sy id wa st
 7  0 904992 2826088  56568 290772  558 4162  1188  6206  511  359 16 30 53  2  0
 4  2 904736 1775008  67160 374052 1240    0 79711 15864 12158 21723 17 70  9  3  0
 4  0 904224 513412  73996 382640   96    0  1636 17388 10947 20668 15 67 16  3  0
 7  1 906428 180700  72628 341380 3652 2432  4100 17804 10521 18334 33 53 10  4  0
 6  1 906428 5816408  80156 357320 9144    0 15766 17240 13519 18904 11 76  7  6  0
 2  0 906428 5706492  86796 366416  252    0   288 16844 10767 20050 21 50 26  3  0
procs -----------memory---------- ---swap-- -----io---- -system-- ------cpu-----
 r  b 交换 空闲 缓冲 缓存   si   so    bi    bo   in   cs us sy id wa st
13  0 903868 2405708 100688 335220  558 4159  1188  6204  513  361 16 30 53  2  0
 4  0 903612 1215572 103576 345272  356    0  4068 15500 10699 19218 18 68 13  2  0
 7  0 903612 348588 106092 353272   88    0    88 14932 9529 18064 27 56 15  2  0
 2  1 903612 4672420 108584 356760   88    0   112 15120 9172 17010 20 60 17  3  0
 5  0 903612 467380 110936 364412    4    0     4 15992 9220 17232  6 70 22  3  0
 4  0 903612 293516 113748 373128    8    0     8 17512 9714 18929 34 45 18  3  0
procs -----------memory---------- ---swap-- -----io---- -system-- ------cpu-----
 r  b 交换 空闲 缓冲 缓存   si   so    bi    bo   in   cs us sy id wa st
 5  0 902844 3172204 122636 349352  558 4157  1188  6202  513  363 16 30 53  2  0
 6  0 902076 2250396 123572 358524  932    0  2244 15636 11575 20563 20 67 11  2  0
 8  0 901820 951592 124992 366200  144    0   560 20176 10877 20900 17 68 13  2  0
 7  0 901820 524820 125956 372884   72    0  1458 15968 10845 18774 31 50 18  2  0
 7  0 901820 4960004 127068 380632  184    0   986 17932 11072 20371 12 69 16  3  0
 3  1 901820 5951480 128128 389936  180    0  1552 17244 11440 20180 18 61 17  4  0
procs -----------memory---------- ---swap-- -----io---- -system-- ------cpu-----
 r  b 交换 空闲 缓冲 缓存   si   so    bi    bo   in   cs us sy id wa st
16  1 900540 2214096 133060 364376  558 4154  1187  6200  514  365 16 30 53  2  0
 2  0 900284 1356900 133444 372476 11536    0 14224 13548 11981 20910 18 66 13  3  0
 6  0 900284 3635492 133892 379756   72    0    76 15560 10430 18981 23 56 18  3  0
 4  2 899772 6198016 134300 405516 2904    0 18756 16864 10965 20184 19 66 10  5  0
 4  0 899260 5345248 134800 417884 1564    0  8502 19128 11146 21024 28 55 13  4  0
 7  0 899004 4314124 135364 425668 2008    0  5959 19428 9269 18069 23 58 16  3  0
procs -----------memory---------- ---swap-- -----io---- -system-- ------cpu-----
 r  b 交换 空闲 缓冲 缓存   si   so    bi    bo   in   cs us sy id wa st
 6  1 889532 1075776 137612 427556  558 4152  1188  6199  515  368 16 30 53  2  0
 6  1 889532 688172 137904 436204 2960    0  4524 13268 9319 17243 30 60  8  2  0
 6  0 889532 3630320 138212 443456  136    0   224 18360 10971 20954  5 72 18  4  0
 2  0 889532 2500352 138404 449836    0    0     0 18476 10659 20181 15 62 19  4  0
 4  0 889532 5564120 138564 455848    0    0     0 17904 10836 20735 21 51 23  4  0
 4  0 889276 4594344 138784 457424   28    0    28 18364 11690 21728 19 51 26  4  0
procs -----------memory---------- ---swap-- -----io---- -system-- ------cpu-----
 r  b 交换 空闲 缓冲 缓存   si   so    bi    bo   in   cs us sy id wa st
14  0 888764 1267552 139468 429864  558 4149  1187  6197  516  370 16 30 53  2  0
 2  1 888764 197640 139636 436832   56    0   124 15336 9475 17796 12 70 15  2  0
 7  0 890204 104896  16136 137960   20 1368  9294 12692 7324 13028  4 89  6  1  0
10  0 983472 101392   7660 147328  204 95320 45399 99040 11354 9028  3 90  1  6  0
 8  1 1097784 102612   9128 169756 2836 122896 24416 127520 13708 8690  3 83  4 10  0
 5  1 1160892 101108  10092 171836 8344 105776 10662 107852 15327 7002  2 69  9 20  0
procs -----------memory---------- ---swap-- -----io---- -system-- ------cpu-----
 r  b 交换 空闲 缓冲 缓存   si   so    bi    bo   in   cs us sy id wa st
 4  0 954044 2950368  22604 304044  669 4241  1300  6268   13  393 15 30 53  2  0
12  0 952252 1991824  28864 390112 5120    0 86232 11520 8975 15280 10 77  6  7  0
 6  0 949948 599008  37380 407092 1356    0 10496 18764 9255 18848 13 73 13  2  0
 5  0 955976 106292  26732 224632  220 6208  2077 19728 8263 14665 11 80  9  1  0
10  1 967608 102616   4904 121100   20 19532 25735 27468 8531 11485 16 79  3  3  0
 7  0 979280 3518508   9136 142008  428 30784 20847 41224 11775 13703 15 72  9  4  0
procs -----------memory---------- ---swap-- -----io---- -system-- ------cpu-----
 r  b 交换 空闲 缓冲 缓存   si   so    bi    bo   in   cs us sy id wa st
 4  0 957776 3220840  47504 339060  670 4239  1304  6266   15  396 15 30 53  2  0
 2  1 957008 1933492  56952 417136 1920    0 76396 15012 11146 19867 13 77  7  3  0
 3  0 957008 361012  63624 423684  164    0   884 17124 11349 21273  8 64 25  4  0
10  1 960204 3367184  59052 308572  192 3164   644 18488 11398 16786 20 65 12  2  0
10  0 960204 3693092  66772 317980   92    0   224 19888 29978 19156 15 78  6  1  0
 4  0 960204 6001060  73344 327372    0    0    64 17872 20440 17655  9 80  8  3  0
procs -----------memory---------- ---swap-- -----io---- -system-- ------cpu-----
 r  b 交换 空闲 缓冲 缓存   si   so    bi    bo   in   cs us sy id wa st
 6  0 958924 2290404  95860 343640  670 4236  1304  6264   17  398 15 30 53  2  0
 3  0 958412 884528 100728 362300  400    0 11756 19968 10836 20877 10 75 13  2  0
 5  0 958412 237276 103516 368040   52    0   124 16428 10682 20053 26 56 16  3  0
 6  0 958412 6367960 106216 377380   92    0   858 17728 11190 20994  8 65 23  5  0
 5  0 958412 5291812 108852 384492  108    0   108 18348 10939 21166 20 52 25  4  0
 5  0 958412 4284064 112008 394400    4    0     4 20512 11511 22194 23 50 23  4  0
procs -----------memory---------- ---swap-- -----io---- -system-- ------cpu-----
 r  b 交换 空闲 缓冲 缓存   si   so    bi    bo   in   cs us sy id wa st
 8  0 954572 1737672 121908 361152  669 4234  1304  6263   18  400 15 30 53  2  0
 5  0 954060 596680 123092 369584 1252    0  1644 16596 11430 20817 13 67 17  3  0
 5  0 954060 6440392 124168 377220   32    0    32 18660 11172 21069 17 62 17  4  0
 7  0 954060 5597324 125364 386232   20    0    20 19540 12230 23141 17 56 22  5  0
 6  0 954060 4583044 126532 395836   20    0   513 20980 12946 24781 22 51 21  5  0
 6  0 954060 3614108 127776 397820    0    0     8 21152 12536 24502 20 55 20  5  0
procs -----------memory---------- ---swap-- -----io---- -system-- ------cpu-----
 r  b 交换 空闲 缓冲 缓存   si   so    bi    bo   in   cs us sy id wa st
 8  0 953036 2845676 133180 368000  669 4231  1303  6261   19  402 15 30 53  2  0
 5  0 952524 2017656 133548 375924  356    0  1068 14444 9883 17934 16 74  9  2  0
 5  1 952524 787648 133868 386264   76    0   444 18732 11449 21207  8 72 16  4  0
 3  0 952524 6401788 134312 392568    0    0     0 17584 10692 19845 22 54 21  4  0
 5  0 952524 5691140 134820 401476   20    0    79 17928 11506 21144 16 57 24  4  0
 3  0 952524 4595696 135300 404532    0    0     0 21324 11685 23630 23 50 22  5  0
procs -----------memory---------- ---swap-- -----io---- -system-- ------cpu-----
 r  b 交换 空闲 缓冲 缓存   si   so    bi    bo   in   cs us sy id wa st
11  1 951756 1287192 137532 371100  669 4229  1302  6260   21  405 15 30 53  2  0
 8  0 951500 894880 137972 377856  256    0   396 14948 9783 16998 44 52  3  0  0
 6  0 951500 318756 138292 384420   92    0    96 16296 10404 19034 43 52  4  1  0
 4  1 951500 3537500 138420 388212   88    0   100 17220 10886 19616 32 60  6  1  0
 7  0 951500 2867948 138588 395356    4    0    28 19116 11230 20516 38 51 10  1  0
 6  2 951500 2159576 138756 401688    0    0    36 18024 11435 20305 43 47  8  2  0
procs -----------memory---------- ---swap-- -----io---- -system-- ------cpu-----
 r  b 交换 空闲 缓冲 缓存   si   so    bi    bo   in   cs us sy id wa st
 7  0 949708 3491108 139688 396996  668 4226  1302  6258   22  407 15 30 53  2  0
 5  1 949196 2815004 139836 415444  732    0  7916 15176 11160 19156 31 62  6  1  0
 8  0 949196 1962528 140000 421100   88    0   112 16412 11121 20172 36 57  7  1  0
 4  0 948940 773844 140164 423644    0    0     0 16932 10129 18533 35 56  8  1  0
 7  0 949708 124640  92212 308912   12  560   160 15968 9467 16693 30 66  4  0  0
 9  2 952304 100824  11136 124924    4 3308 16012 16784 8814 14153 23 74  2  1  0
procs -----------memory---------- ---swap-- -----io---- -system-- ------cpu-----
 r  b 交换 空闲 缓冲 缓存   si   so    bi    bo   in   cs us sy id wa st
10  1 883128 4474952  37100 329816  668 4227  1304  6259   24  409 15 30 53  2  0
 4  0 883128 3584384  45448 403904  132    0 71651 14468 10780 18844 35 58  5  1  0
 5  3 883128 2653512  52300 418468   28    0  7872 15648 10879 19413 31 64  5  1  0
 5  0 883128 1499628  59924 422768    4    0    20 17500 9878 18103 38 56  5  1  0
 9  0 883128 757492  66768 428660   16    0    20 15908 9385 16569 33 61  5  1  0
11  0 879372 119096  70920 409880    0  692     4 16940 8999 16295 38 57  5  1  0
procs -----------memory---------- ---swap-- -----io---- -system-- ------cpu-----
 r  b 交换 空闲 缓冲 缓存   si   so    bi    bo   in   cs us sy id wa st
10  1 884848 4216244  49564 260020  668 4224  1305  6257   26  411 15 30 53  2  0
 8  0 884336 3350392  58424 329252  912    0 65904 15872 12038 20578 33 65  1  1  0
 7  0 884336 2357036  66264 336048  124    0   484 19224 9542 18469 32 61  7  1  0
 8  0 884336 1706676  71476 345516   48    0  1075 12968 7835 14236 37 56  7  1  0
 8  0 884336 777804  78592 351272    0    0     4 17176 10227 17851 34 59  6  1  0
13  0 907520 101580  83424 355020   92 23096   700 36912 10302 14661 34 60  6  1  0
procs -----------memory---------- ---swap-- -----io---- -system-- ------cpu-----
 r  b 交换 空闲 缓冲 缓存   si   so    bi    bo   in   cs us sy id wa st
 5  0 885536 3546120  95992 318484  668 4222  1306  6256   27  413 15 30 52  2  0
 8  0 885024 2535876  98572 329692  400    0  3688 16888 11467 20650 31 64  5  1  0
 6  0 885024 1877480 100352 335904  512    0  1805 12520 8964 15647 36 60  4  1  0
 6  0 885024 1248740 102512 339804   68    0   269 15764 8105 15217 39 55  6  1  0
 7  1 885024 364988 105836 346860    0    0     8 21364 10040 18781 30 60  9  1  0
11  0 885024 4502432 108764 356500  144    0   164 19772 9496 18484 42 50  7  1  0
procs -----------memory---------- ---swap-- -----io---- -system-- ------cpu-----
 r  b 交换 空闲 缓冲 缓存   si   so    bi    bo   in   cs us sy id wa st
12  0 884512 3603520 118136 326172  668 4220  1305  6254   28  414 15 30 52  2  0
 6  0 884512 2640492 119312 333460  296    0  2125 16780 10911 20128 33 61  5  1  0
12  0 884512 2118404 120292 342160  100    0  2500 14260 8731 15171 31 67  2  0  0
 6  0 884256 1108892 121204 349884  456    0  3183 15676 8829 16036 31 63  5  1  0
 7  0 884256 523748 122352 356024    4    0    80 16836 10033 18202 48 43  8  1  0
 6  1 884256 6483356 123348 361508    4    0    36 15440 8901 16158 34 58  7  1  0
procs -----------memory---------- ---swap-- -----io---- -system-- ------cpu-----
 r  b 交换 空闲 缓冲 缓存   si   so    bi    bo   in   cs us sy id wa st
16  0 883488 3753160 127832 355356  667 4217  1305  6252   29  416 15 30 52  2  0
 5  3 883488 2782748 128324 361708  188    0   944 19456 9976 19315 33 62  5  1  0
 7  0 883488 2247524 128592 366992   32    0   368 10908 7109 12675 37 61  2  0  0
11  0 883232 1419452 128928 372816    0    0    12 14296 8520 15504 32 60  8  1  0
 6  2 883232 746876 129512 378252   40    0   148 18000 9896 18016 43 50  7  1  0
 8  0 883232 4290020 129992 383064  240    0   268 17056 9923 17784 34 59  6  1  0
procs -----------memory---------- ---swap-- -----io---- -system-- ------cpu-----
 r  b 交换 空闲 缓冲 缓存   si   so    bi    bo   in   cs us sy id wa st
 9  1 882464 1213024 132116 356868  667 4215  1304  6250   30  418 15 30 52  2  0
 8  0 882208 672264 132604 363176  160    0   512 15572 9963 18388 37 56  6  1  0
 6  0 882208 3994364 132924 369536   16    0    28 14408 9372 16264 26 67  6  1  0
 4  1 882208 3258120 133228 369544    0    0     4 20808 9985 19447 27 62 11  1  0
 7  0 882208 2269032 133404 375368    0    0    28 17448 10377 18965 31 55 12  1  0
 6  2 882208 5547624 133556 381416    0    0     0 17748 10478 19921 34 51 13  2  0
procs -----------memory---------- ---swap-- -----io---- -system-- ------cpu-----
 r  b 交换 空闲 缓冲 缓存   si   so    bi    bo   in   cs us sy id wa st
 7  0 881696 2841872 134520 362320  666 4212  1303  6248   32  420 15 30 52  2  0
 8  0 881696 1991408 134696 367120   88    0    96 15156 10232 18264 31 62  5  1  0
 9  0 881696 1120180 134852 374696   16    0    48 15092 8686 16258 28 65  6  1  0
 7  0 881440 117496 135016 377336   72    0   455 15444 9363 16935 31 58 10  2  0
 7  0 883580 107656  74168 237200    8 2412   601 15832 8129 13042 32 63  4  1  0
 9  0 885668 103264   5336  97932    0 2192  6381 11748 5621 8813 18 78  3  0  0
procs -----------memory---------- ---swap-- -----io---- -system-- ------cpu-----
 r  b 交换 空闲 缓冲 缓存   si   so    bi    bo   in   cs us sy id wa st
10  1 890464 1688876  34500 313584  667 4210  1306  6247   33  422 15 30 52  2  0
22  1 890208 1361824  38804 401712  888    0 77432 10008 8499 13817 31 67  1  1  0
 5  0 890208 979788  44720 421384 1984    0 14004 13068 9482 15889 37 54  8  2  0
 6  1 890208 3833208  51824 429464  132    0  1124 17004 10608 18959 24 61 13  2  0
 4  2 890208 2909756  59500 436604    0    0   144 18184 10362 19575 33 53 13  2  0
 7  0 890208 2397472  66128 442028  100    0   167 15756 10063 18567 39 48 11  2  0
procs -----------memory---------- ---swap-- -----io---- -system-- ------cpu-----
 r  b 交换 空闲 缓冲 缓存   si   so    bi    bo   in   cs us sy id wa st
12  0 889952 3057320  91872 420092  666 4208  1306  6245   34  424 15 30 52  2  0
 3  0 889184 2421540  94188 433204  592    0  8016 12952 9480 16038 32 65  2  1  0
10  0 888928 1300932  97024 440328  220    0   870 17244 10965 19969 25 58 15  2  0
 4  0 888928 296964  99872 445716    8    0    40 17240 9786 18564 31 56 11  1  0
 9  0 888928 3206340 102624 451208    0    0     8 16940 10708 19227 31 57 11  2  0
 4  0 888928 6125752 105172 457928    4    0    24 17296 9967 18441 32 50 16  3  0
procs -----------memory---------- ---swap-- -----io---- -system-- ------cpu-----
 r  b 交换 空闲 缓冲 缓存   si   so    bi    bo   in   cs us sy id wa st
 9  2 888672 2852612 116252 442136  666 4205  1305  6243   35  426 15 30 52  2  0
 8  0 888416 2220380 117152 447972  236    0   240 16068 10407 19079 30 60  9  2  0
 7  0 888416 1134548 118232 457992   96    0  3785 17220 11924 21112 26 60 12  2  0
 5  0 888416 143696 119168 461584    0    0     4 15840 9670 17592 35 48 15  2  0
 3  2 888416 3747660 120344 468444   20    0  1220 19104 9643 19303 32 55 11  1  0
 3  0 888416 6117220 121552 474584  168    0   192 17852 9978 16698 26 65  8  1  0
procs -----------memory---------- ---swap-- -----io---- -system-- ------cpu-----
 r  b 交换 空闲 缓冲 缓存   si   so    bi    bo   in   cs us sy id wa st
14  0 887648 2419764 127232 446204  666 4203  1305  6242   37  428 15 30 52  2  0
 7  0 887392 1580444 127800 452416  164    0   436 16112 10427 18346 26 68  5  1  0
 8  0 887392 688968 128176 457668   32    0    44 17336 11107 20639 30 56 12  2  0
13  0 891748 1829192 128660 465864    8 4208    24 22932 9811 18364 34 54 11  1  0
 8  0 982556 3164148 128896 472556    0 90596     8 103236 9778 12998 26 63  7  4  0
 7  0 1096060 2904164 129152 476896    0 117784    24 129016 10198 12917 29 56 11  4  0
procs -----------memory---------- ---swap-- -----io---- -system-- ------cpu-----
 r  b 交换 空闲 缓冲 缓存   si   so    bi    bo   in   cs us sy id wa st
12  0 856444 2626536 131012 448556  665 4215  1304  6255   38  430 15 30 52  2  0
14  0 856364 1740296 131184 455860  432    0   772 16452 11127 19474 31 63  5  1  0
 7  0 856356 872548 131288 462668   24    0   828 16696 9019 17180 27 62 10  1  0
 7  0 866736 676976 131432 467516    0 10144    20 22876 9324 14721 43 48  7  2  0
 6  0 953532 3553660 131532 473024    0 86720    12 97448 9892 11670 27 63  7  3  0
10  2 1066564 3113224 131636 480644    0 112916     8 127268 10380 14462 32 57 10  2  0
procs -----------memory---------- ---swap-- -----io---- -system-- ------cpu-----
 r  b 交换 空闲 缓冲 缓存   si   so    bi    bo   in   cs us sy id wa st
 7  0 855508 1333228 132412 454896  665 4234  1303  6273   40  432 15 30 52  2  0
10  0 855464 424308 132556 462152  100    0   356 15728 10785 19252 24 68  7  1  0
 4  0 857728 112688  93120 359368   20 1976    24 15852 7174 13329 16 77  6  1  0
 9  1 860608 102580  27892 172164 2368 3180 34771 13880 7498 12094 13 82  4  1  0
10  2 929560 102152  15632 155904   72 68596 26558 72524 9601 8668  7 83  1  9  0
10  1 1035380 102264  14720 177484 3356 106708 37942 111312 9001 8973 16 76  1  7  0
procs -----------memory---------- ---swap-- -----io---- -system-- ------cpu-----
 r  b 交换 空闲 缓冲 缓存   si   so    bi    bo   in   cs us sy id wa st
 6  0 859944 2300100  34652 303080  671 4246  1311  6284   43  434 15 30 52  2  0
 3  0 859748 1041932  41360 378568  252    0 72064 13936 10826 18869 18 64 12  5  0
 1  8 863728 101352  46244 373584  516 4296  2575 18336 10058 16642 16 70 10  4  0
10  0 873048 124768  15212 166888   96 9048  1510 17168 7153 9959 14 74  4  8  0
 9  0 921316 103680   4844 121096  252 48112 25714 52388 7703 8316  6 87  2  5  0
12  3 1039300 102844   5192 141780 3048 119792 21765 121076 10687 8192 14 77  1  8  0
procs -----------memory---------- ---swap-- -----io---- -system-- ------cpu-----
 r  b 交换 空闲 缓冲 缓存   si   so    bi    bo   in   cs us sy id wa st
 5  1 938256 1469804  23188 301032  774 4330  1416  6348   69  455 15 30 52  2  0
 8  1 936208 3519008  32596 392420 8776    0 96488 15604 12665 22407 15 67 10  8  0
 3  0 934928 3434024  40000 399348 1456    0  4087 15504 10298 19143 17 65 15  3  0
 3  1 934672 2485428  47344 408856 1548    0  5867 16624 11507 20930 19 67 12  3  0
 3  0 934672 4597612  54116 416780  124    0   148 16944 10306 19140 26 49 21  3  0
 5  0 934672 4743032  61100 423572   12    0    44 17672 10911 19989 22 58 17  3  0
procs -----------memory---------- ---swap-- -----io---- -system-- ------cpu-----
 r  b 交换 空闲 缓冲 缓存   si   so    bi    bo   in   cs us sy id wa st
15  1 876748 2095548  90568 417760  773 4342  1416  6360   70  457 15 30 52  2  0
 2  2 876588 598208  93352 422632  228    0   448 18588 10520 21311 15 63 20  2  0
 6  0 899508 108940  75636 313624  128 22624   442 33064 9647 12714 16 69  9  7  0
10  0 900648 122660  49892 235772  176  840  9520 14796 9409 16501 41 52  5  2  0
 5  0 900648 6652544  52452 231764    0  104   828 17284 11310 20049  7 68 22  4  0
 5  0 900648 5804236  60228 243264   68    0  7195 18068 10376 19877 26 56 16  2  0
procs -----------memory---------- ---swap-- -----io---- -system-- ------cpu-----
 r  b 交换 空闲 缓冲 缓存   si   so    bi    bo   in   cs us sy id wa st
 8  1 865120 2045608  79736 290880  773 4354  1416  6373   72  460 15 30 52  2  0
 5  0 864352 3425880  83508 352664 1988    0 58072 13848 11545 19353 17 69 11  3  0
 7  0 864352 5888084  86776 359724  104    0   200 17928 10254 19877 29 55 13  2  0
 5  1 864352 5067236  92796 366916    0    0     8 18292 11131 20836 22 61 15  2  0
 7  0 864352 3956672  98012 373592    0    0    40 17288 9860 19506 29 47 21  3  0
 3  0 864352 2940608 101284 373776   16    0    40 17096 10225 19539 26 47 24  4  0
procs -----------memory---------- ---swap-- -----io---- -system-- ------cpu-----
 r  b 交换 空闲 缓冲 缓存   si   so    bi    bo   in   cs us sy id wa st
 9  0 861516 2427404 112100 351832  772 4366  1416  6385   74  462 15 30 52  2  0
 8  2 861072 1085068 113488 359972 1368    0  2316 17904 9730 19779 15 65 18  2  0
 7  0 860968 3124552 114900 366188  144    0   357 19628 9463 19079 26 58 14  1  0
 8  0 860952 5942332 116252 372780   40    0    40 21536 10521 21279 20 67 13  1  0
 4  0 860952 4921588 118368 379044    0    0    72 20660 11649 22315 26 56 14  3  0
 4  0 860952 4010120 120440 384868    4    0   184 17196 10108 19840 29 56 13  2  0
procs -----------memory---------- ---swap-- -----io---- -system-- ------cpu-----
 r  b 交换 空闲 缓冲 缓存   si   so    bi    bo   in   cs us sy id wa st
12  0 860504 2377476 125808 357248  772 4364  1415  6383   75  464 15 30 52  2  0
 4  0 860296 1063844 127016 362992  296    0   384 17024 10096 19562 20 69  9  2  0
 8  1 860240 5237056 127520 370812   64    0   140 17672 9436 18635 26 54 17  2  0
 4  0 860236 5899352 127920 376456    8    0    12 17956 10810 20560 16 65 17  3  0
 2  0 860236 4924596 128368 382656    0    0    36 19816 11038 22166 27 52 18  3  0
10  0 860224 4293492 128588 388080   44    0    44 12844 8524 15174 27 55 15  3  0
procs -----------memory---------- ---swap-- -----io---- -system-- ------cpu-----
 r  b 交换 空闲 缓冲 缓存   si   so    bi    bo   in   cs us sy id wa st
12  1 859712 1065196 131472 361980  771 4361  1414  6381   76  466 15 30 52  2  0
 3  0 862124 128772  78120 255948  216 2092   560 18656 9430 17944 10 77 11  2  0
10  1 873180 104464   8020 125372   36 14296 41062 20048 6884 9804  3 92  3  3  0
 8  0 997792 101188   8784 153128   72 121608 30719 124708 13451 10380  2 83  2 14  0
 7  2 1117928 103524  10032 170264   60 120932 18056 124544 12285 9773  2 86  1 10  0
11  2 1258992 101968  10808 192408  392 142728 33883 146312 13006 10201  4 89  0  6  0
procs -----------memory---------- ---swap-- -----io---- -system-- ------cpu-----
 r  b 交换 空闲 缓冲 缓存   si   so    bi    bo   in   cs us sy id wa st
 9  0 878620 2665896  33044 279072  777 4386  1422  6405   79  468 15 30 52  2  0
 7  0 878476 1239392  43540 352852  248    0 70480 17156 12872 23161  9 70 14  7  0
 6  0 898804 101768  48900 352664   60 19892  1128 33640 11556 18194  9 69 16  6  0
 6  1 1032596 102424  47168 330872   28 133796   224 139816 16179 8285  9 84  3  4  0
12  0 1118228 3534988  48624 321660    4 85856    88 94032 14969 8682 10 85  3  2  0
 5  0 1109272 3086364  54872 327120 16896 7364 17084 24492 11706 18992  9 69 16  7  0
procs -----------memory---------- ---swap-- -----io---- -system-- ------cpu-----
 r  b 交换 空闲 缓冲 缓存   si   so    bi    bo   in   cs us sy id wa st
 6  0 894744 1731000  82272 345732  780 4386  1426  6405   81  470 15 31 52  2  0
 2  1 894488 618860  86216 372444  476    0 21284 12548 8414 15511 10 69 17  4  0
 4  0 902884 109940  36996 230608  200 8368   680 20276 8191 13865  6 75 16  3  0
 6  0 909876 102776   7316 117708   72 6732 10832 13516 4705 7590 20 76  3  1  0
 6  2 926332 114868   8388 126340   16 32732 23943 39572 8356 9339 17 76  1  5  0
 8  1 928728 5006816  12692 130348   80 2632  6511 18444 9711 17587 11 72 14  3  0
procs -----------memory---------- ---swap-- -----io---- -system-- ------cpu-----
 r  b 交换 空闲 缓冲 缓存   si   so    bi    bo   in   cs us sy id wa st
 8  0 917208 2313500  47928 323564  780 4384  1428  6403   82  472 15 31 52  2  0
 2  0 916952 1069444  57960 394736  224    0 67968 16920 11562 20928  9 74 13  4  0
 5  0 923508 115308  60320 340520   44 8428  1132 23804 9651 17414 14 69 14  3  0
 6  0 987368 130964  62228 325184    8 63616   384 74840 7876 11982 23 57 15  5  0
 5  1 1095224 3399824  65940 331248   52 110728   244 122116 9965 13722  2 68 24  7  0
 3  0 1170164 3214068  70952 336800  692 87504  1838 99436 17686 15717  5 77 13  5  0
procs -----------memory---------- ---swap-- -----io---- -system-- ------cpu-----
 r  b 交换 空闲 缓冲 缓存   si   so    bi    bo   in   cs us sy id wa st
13  0 903904 1865360  92880 328012  779 4396  1428  6415   84  473 15 31 52  2  0
 4  0 903780 619480  96228 340540  184    0  5132 18948 11644 22326 18 59 19  4  0
 3  2 903736 3388168  99212 346836   64    0    92 18064 10685 21286 16 63 18  3  0
 4  0 903732 5680964 102524 353408   20    0    32 19832 11637 23073 15 65 17  4  0
 6  0 903704 4627140 105876 353472    0    0     8 21456 12884 25089 19 54 22  5  0
 5  0 903700 3718932 108352 360456    4    0    12 17040 10473 19351 22 51 22  4  0
procs -----------memory---------- ---swap-- -----io---- -system-- ------cpu-----
 r  b 交换 空闲 缓冲 缓存   si   so    bi    bo   in   cs us sy id wa st
 9  1 899612 2101940 121116 348552  779 4394  1428  6414   85  476 15 31 52  2  0
 5  0 899488 926960 122468 363448  184    0  7676 16756 9180 18389 13 73 12  2  0
 4  0 899448 3435464 123316 368608   56    0    76 15320 8545 16954 23 65 10  2  0
 7  0 899360 6305048 124148 371568 1232    0  1650 13096 9149 15837 14 65 18  4  0
 8  0 899312 5628176 125112 376940  196    0   272 16964 10788 20012 18 56 22  4  0
 4  0 899300 4729796 125884 383140   64    0   120 16800 10384 19273 22 51 22  4  0
procs -----------memory---------- ---swap-- -----io---- -system-- ------cpu-----
 r  b 交换 空闲 缓冲 缓存   si   so    bi    bo   in   cs us sy id wa st
 5  0 859876 2028500 131812 399512  779 4406  1427  6426   87  478 15 31 52  2  0
 6  0 859780 764760 132548 404400  128    0   340 18120 11696 22487 15 60 20  4  0
 6  0 859748 6444112 132968 412412   48    0   104 18636 11414 21622 15 61 20  4  0
 3  0 859744 5688984 133448 417976    4    0    52 19516 11253 21925 16 59 21  4  0
 7  0 859732 4767672 133868 424488    8    0    20 18368 11094 21378 23 52 21  4  0
 8  0 859728 3629388 134364 433436   32    0  1408 22768 12529 25170 24 49 22  5  0
