7168M 50 30 0.695045
6912M 50 30 0.609507
6656M 50 30 0.621877
6400M 50 30 0.672152
6144M 50 30 0.628733
5888M 50 30 0.558437
5632M 50 30 0.494429
5376M 50 30 0.705733
5120M 50 30 0.593877
4864M 50 30 0.580340
4608M 50 30 0.537698
4352M 50 30 0.723099
4096M 50 30 0.693152
3840M 50 30 0.547731
3584M 50 30 0.643104
3328M 50 30 0.715736
3072M 50 30 0.576660
2816M 50 30 0.581860
2560M 50 30 0.607090
2304M 50 30 0.482349
2048M 50 30 0.602129
1792M 50 30 0.548375
1536M 50 30 0.689572
1280M 50 30 0.622456
1024M 50 30 0.498856
768M 50 30 0.600791
512M 50 30 0.694090
256M 50 30 0.655015
7168M 30 30 0.763233
6912M 30 30 0.515009
6656M 30 30 0.510631
6400M 30 30 0.456923
6144M 30 30 0.468295
5888M 30 30 0.524314
5632M 30 30 0.557847
5376M 30 30 0.572267
5120M 30 30 0.543965
4864M 30 30 0.475526
4608M 30 30 0.417207
4352M 30 30 0.479750
4096M 30 30 0.545602
3840M 30 30 0.539700
3584M 30 30 0.595337
3328M 30 30 0.449950
3072M 30 30 0.561696
2816M 30 30 0.481490
2560M 30 30 0.572755
2304M 30 30 0.597982
2048M 30 30 0.612124
1792M 30 30 0.506045
1536M 30 30 0.560254
1280M 30 30 0.571073
1024M 30 30 0.483986
768M 30 30 0.729717
512M 30 30 0.496270
256M 30 30 0.452171
7168M 10 30 0.497736
6912M 10 30 0.401979
6656M 10 30 0.442265
6400M 10 30 0.414052
6144M 10 30 0.346543
5888M 10 30 0.372283
5632M 10 30 0.383659
5376M 10 30 0.413550
5120M 10 30 0.484547
4864M 10 30 0.402950
4608M 10 30 0.493398
4352M 10 30 0.356642
4096M 10 30 0.434188
3840M 10 30 0.505273
3584M 10 30 0.396330
3328M 10 30 0.362808
3072M 10 30 0.428598
2816M 10 30 0.405237
2560M 10 30 0.423429
2304M 10 30 0.427836
2048M 10 30 0.454635
1792M 10 30 0.355166
1536M 10 30 0.503338
1280M 10 30 0.382262
1024M 10 30 0.400390
768M 10 30 0.492446
512M 10 30 0.366022
256M 10 30 0.440490
7168M 0 30 0.595563
6912M 0 30 0.529001
6656M 0 30 0.504537
6400M 0 30 0.413377
6144M 0 30 0.389722
5888M 0 30 0.331340
5632M 0 30 0.315676
5376M 0 30 0.347396
5120M 0 30 0.319355
4864M 0 30 0.399130
4608M 0 30 0.360722
4352M 0 30 0.377732
4096M 0 30 0.375601
3840M 0 30 0.400827
3584M 0 30 0.325308
3328M 0 30 0.428023
3072M 0 30 0.340028
2816M 0 30 0.324044
2560M 0 30 0.451535
2304M 0 30 0.373268
2048M 0 30 0.347583
1792M 0 30 0.308668
1536M 0 30 0.531384
1280M 0 30 0.422889
1024M 0 30 0.376919
768M 0 30 0.302841
512M 0 30 0.303834
256M 0 30 0.398128
7168M 50 20 0.828419
6912M 50 20 0.865672
6656M 50 20 0.697684
6400M 50 20 0.814348
6144M 50 20 0.626296
5888M 50 20 0.630715
5632M 50 20 0.584395
5376M 50 20 0.666472
5120M 50 20 0.646577
4864M 50 20 0.559907
4608M 50 20 0.525588
4352M 50 20 0.751715
4096M 50 20 0.720851
3840M 50 20 0.733950
3584M 50 20 0.547442
3328M 50 20 0.654296
3072M 50 20 0.693542
2816M 50 20 0.713695
2560M 50 20 0.583010
2304M 50 20 0.636435
2048M 50 20 0.599071
1792M 50 20 0.573276
1536M 50 20 0.687374
1280M 50 20 0.609660
1024M 50 20 0.768999
768M 50 20 0.546527
512M 50 20 0.649769
256M 50 20 0.667773
7168M 30 20 0.956622
6912M 30 20 0.809586
6656M 30 20 0.627530
6400M 30 20 0.554760
6144M 30 20 0.551150
5888M 30 20 0.507847
5632M 30 20 0.399989
5376M 30 20 0.499386
5120M 30 20 0.551410
4864M 30 20 0.520600
4608M 30 20 0.484668
4352M 30 20 0.462237
4096M 30 20 0.471621
3840M 30 20 0.529079
3584M 30 20 0.529541
3328M 30 20 0.649788
3072M 30 20 0.552974
2816M 30 20 0.468330
2560M 30 20 0.582154
2304M 30 20 0.489566
2048M 30 20 0.462968
1792M 30 20 0.582365
1536M 30 20 0.640959
1280M 30 20 0.526499
1024M 30 20 0.488282
768M 30 20 0.509147
512M 30 20 0.524971
256M 30 20 0.524571
7168M 10 20 0.428723
6912M 10 20 0.533846
6656M 10 20 0.457249
6400M 10 20 0.434702
6144M 10 20 0.414052
5888M 10 20 0.423147
5632M 10 20 0.518275
5376M 10 20 0.525706
5120M 10 20 0.391499
4864M 10 20 0.360514
4608M 10 20 0.397017
4352M 10 20 0.368477
4096M 10 20 0.386380
3840M 10 20 0.400500
3584M 10 20 0.363780
3328M 10 20 0.375949
3072M 10 20 0.483544
2816M 10 20 0.421032
2560M 10 20 0.376517
2304M 10 20 0.470117
2048M 10 20 0.387268
1792M 10 20 0.379382
1536M 10 20 0.467946
1280M 10 20 0.475121
1024M 10 20 0.521198
768M 10 20 0.387078
512M 10 20 0.356995
256M 10 20 0.488281
7168M 0 20 0.616453
6912M 0 20 0.452469
6656M 0 20 0.330490
6400M 0 20 0.337427
6144M 0 20 0.445034
5888M 0 20 0.383812
5632M 0 20 0.409971
5376M 0 20 0.390312
5120M 0 20 0.403770
4864M 0 20 0.310963
4608M 0 20 0.385804
4352M 0 20 0.360901
4096M 0 20 0.408533
3840M 0 20 0.416900
3584M 0 20 0.366058
3328M 0 20 0.363832
3072M 0 20 0.398116
2816M 0 20 0.361010
2560M 0 20 0.379809
2304M 0 20 0.410593
2048M 0 20 0.373159
1792M 0 20 0.407896
1536M 0 20 0.359256
1280M 0 20 0.483039
1024M 0 20 0.406680
768M 0 20 0.405661
512M 0 20 0.330222
256M 0 20 0.522996
7168M 50 10 0.715218
6912M 50 10 0.651889
6656M 50 10 0.716858
6400M 50 10 0.569637
6144M 50 10 0.529035
5888M 50 10 0.585664
5632M 50 10 0.749256
5376M 50 10 0.653131
5120M 50 10 0.685925
4864M 50 10 0.513110
4608M 50 10 0.559064
4352M 50 10 0.625108
4096M 50 10 0.730792
3840M 50 10 0.678932
3584M 50 10 0.854179
3328M 50 10 0.645291
3072M 50 10 0.633903
2816M 50 10 0.713497
2560M 50 10 0.604103
2304M 50 10 0.518821
2048M 50 10 0.584186
1792M 50 10 0.693163
1536M 50 10 0.669731
1280M 50 10 0.591922
1024M 50 10 0.650479
768M 50 10 0.547250
512M 50 10 0.606130
256M 50 10 0.687416
7168M 30 10 0.903242
6912M 30 10 0.717367
6656M 30 10 0.419009
6400M 30 10 0.557914
6144M 30 10 0.624451
5888M 30 10 0.518185
5632M 30 10 0.478002
5376M 30 10 0.512648
5120M 30 10 0.470038
4864M 30 10 0.567076
4608M 30 10 0.531818
4352M 30 10 0.543229
4096M 30 10 0.553651
3840M 30 10 0.474087
3584M 30 10 0.560339
3328M 30 10 0.548086
3072M 30 10 0.538487
2816M 30 10 0.537442
2560M 30 10 0.475155
2304M 30 10 0.536416
2048M 30 10 0.485453
1792M 30 10 0.506858
1536M 30 10 0.414969
1280M 30 10 0.509707
1024M 30 10 0.487784
768M 30 10 0.478757
512M 30 10 0.556001
256M 30 10 0.589114
7168M 10 10 0.472838
6912M 10 10 0.608643
6656M 10 10 0.443412
6400M 10 10 0.449352
6144M 10 10 0.438933
5888M 10 10 0.442126
5632M 10 10 0.458770
5376M 10 10 0.432352
5120M 10 10 0.441560
4864M 10 10 0.546775
4608M 10 10 0.451686
4352M 10 10 0.447800
4096M 10 10 0.439181
3840M 10 10 0.363057
3584M 10 10 0.371821
3328M 10 10 0.385742
3072M 10 10 0.512991
2816M 10 10 0.393287
2560M 10 10 0.443249
2304M 10 10 0.476837
2048M 10 10 0.476657
1792M 10 10 0.453083
1536M 10 10 0.445845
1280M 10 10 0.411019
1024M 10 10 0.339943
768M 10 10 0.484496
512M 10 10 0.466911
256M 10 10 0.396781
7168M 0 10 0.516211
6912M 0 10 0.427475
6656M 0 10 0.351439
6400M 0 10 0.395586
6144M 0 10 0.381458
5888M 0 10 0.370849
5632M 0 10 0.438951
5376M 0 10 0.324580
5120M 0 10 0.302699
4864M 0 10 0.408202
4608M 0 10 0.374609
4352M 0 10 0.272941
4096M 0 10 0.380416
3840M 0 10 0.358498
3584M 0 10 0.455753
3328M 0 10 0.376690
3072M 0 10 0.453463
2816M 0 10 0.442708
2560M 0 10 0.363994
2304M 0 10 0.454891
2048M 0 10 0.395978
1792M 0 10 0.413231
1536M 0 10 0.367140
1280M 0 10 0.389191
1024M 0 10 0.362497
768M 0 10 0.357410
512M 0 10 0.509031
256M 0 10 0.418783
7168M 50 1 0.667781
6912M 50 1 1.071938
6656M 50 1 0.614326
6400M 50 1 0.586827
6144M 50 1 0.630598
5888M 50 1 0.566233
5632M 50 1 0.476397
5376M 50 1 0.571034
5120M 50 1 0.667981
4864M 50 1 0.649495
4608M 50 1 0.511761
4352M 50 1 0.729626
4096M 50 1 0.505390
3840M 50 1 0.623309
3584M 50 1 0.524905
3328M 50 1 0.545634
3072M 50 1 0.596957
2816M 50 1 0.491223
2560M 50 1 0.546914
2304M 50 1 0.560284
2048M 50 1 0.687448
1792M 50 1 0.623822
1536M 50 1 0.623240
1280M 50 1 0.857703
1024M 50 1 0.680281
768M 50 1 0.703058
512M 50 1 0.674819
256M 50 1 0.572275
7168M 30 1 0.840992
6912M 30 1 0.743983
6656M 30 1 0.687767
6400M 30 1 0.533803
6144M 30 1 0.495212
5888M 30 1 0.444723
5632M 30 1 0.419138
5376M 30 1 0.502673
5120M 30 1 0.492666
4864M 30 1 0.525028
4608M 30 1 0.554727
4352M 30 1 0.468052
4096M 30 1 0.478824
3840M 30 1 0.587991
3584M 30 1 0.597858
3328M 30 1 0.485968
3072M 30 1 0.480521
2816M 30 1 0.511338
2560M 30 1 0.396017
2304M 30 1 0.551058
2048M 30 1 0.495040
1792M 30 1 0.634428
1536M 30 1 0.563858
1280M 30 1 0.587336
1024M 30 1 0.625206
768M 30 1 0.528464
512M 30 1 0.503079
256M 30 1 0.430795
7168M 10 1 0.593705
6912M 10 1 0.640556
6656M 10 1 0.457081
6400M 10 1 0.391520
6144M 10 1 0.411433
5888M 10 1 0.348154
5632M 10 1 0.508003
5376M 10 1 0.363632
5120M 10 1 0.416710
4864M 10 1 0.438492
4608M 10 1 0.432723
4352M 10 1 0.388486
4096M 10 1 0.528532
3840M 10 1 0.481068
3584M 10 1 0.438206
3328M 10 1 0.393738
3072M 10 1 0.436980
2816M 10 1 0.366784
2560M 10 1 0.384792
2304M 10 1 0.395157
2048M 10 1 0.415447
1792M 10 1 0.420932
1536M 10 1 0.421585
1280M 10 1 0.405166
1024M 10 1 0.423934
768M 10 1 0.389432
512M 10 1 0.455965
256M 10 1 0.414591
7168M 0 1 0.322686
6912M 0 1 0.573109
6656M 0 1 0.371905
6400M 0 1 0.390182
6144M 0 1 0.295416
5888M 0 1 0.479156
5632M 0 1 0.428168
5376M 0 1 0.395445
5120M 0 1 0.423991
4864M 0 1 0.358832
4608M 0 1 0.344160
4352M 0 1 0.388542
4096M 0 1 0.368414
3840M 0 1 0.397937
3584M 0 1 0.359099
3328M 0 1 0.372703
3072M 0 1 0.425595
2816M 0 1 0.363248
2560M 0 1 0.362064
2304M 0 1 0.434284
2048M 0 1 0.332065
1792M 0 1 0.353371
1536M 0 1 0.336497
1280M 0 1 0.397376
1024M 0 1 0.376017
768M 0 1 0.299009
512M 0 1 0.399770
256M 0 1 0.372873
