7168M 50 30 2.125653
6912M 50 30 2.857318
6656M 50 30 1.984171
6400M 50 30 1.792269
6144M 50 30 1.758349
5888M 50 30 1.761160
5632M 50 30 1.677521
7168M 30 30 1.947066
6912M 30 30 1.942933
6656M 30 30 1.496330
6400M 30 30 1.565083
6144M 30 30 1.289720
5888M 30 30 1.629723
5632M 30 30 1.800718
7168M 10 30 1.870290
6912M 10 30 1.512537
6656M 10 30 1.369195
6400M 10 30 1.309713
6144M 10 30 1.264700
5888M 10 30 1.296375
5632M 10 30 1.332299
7168M 0 30 1.862081
6912M 0 30 1.620072
6656M 0 30 1.413641
6400M 0 30 1.151903
6144M 0 30 1.298905
5888M 0 30 1.343726
5632M 0 30 1.126778
7168M 50 20 1.980981
6912M 50 20 2.235189
6656M 50 20 1.926882
6400M 50 20 1.649662
6144M 50 20 1.877965
5888M 50 20 1.520742
5632M 50 20 1.807849
7168M 30 20 2.728946
6912M 30 20 2.213269
6656M 30 20 1.375623
6400M 30 20 1.418298
6144M 30 20 1.547725
5888M 30 20 1.494066
5632M 30 20 1.513933
7168M 10 20 1.930128
6912M 10 20 1.781268
6656M 10 20 1.401097
6400M 10 20 1.361379
6144M 10 20 1.254122
5888M 10 20 1.279492
5632M 10 20 1.427266
7168M 0 20 1.448456
6912M 0 20 1.171827
6656M 0 20 1.270616
6400M 0 20 1.379230
6144M 0 20 1.099797
5888M 0 20 1.052819
5632M 0 20 1.431182
7168M 50 10 1.865975
6912M 50 10 1.808996
6656M 50 10 1.893091
6400M 50 10 1.673528
6144M 50 10 1.647006
5888M 50 10 1.701664
5632M 50 10 1.677026
7168M 30 10 1.789395
6912M 30 10 2.012303
6656M 30 10 1.575230
6400M 30 10 1.686347
6144M 30 10 1.611763
5888M 30 10 1.458706
5632M 30 10 1.423073
7168M 10 10 1.790778
6912M 10 10 1.594088
6656M 10 10 1.578099
6400M 10 10 1.199011
6144M 10 10 1.284764
5888M 10 10 1.269402
5632M 10 10 1.290737
7168M 0 10 1.467987
6912M 0 10 1.299310
6656M 0 10 1.325389
6400M 0 10 1.099709
6144M 0 10 1.030462
5888M 0 10 1.088452
5632M 0 10 1.105169
7168M 50 1 2.213560
6912M 50 1 2.317547
6656M 50 1 1.879285
6400M 50 1 1.522606
6144M 50 1 1.364170
5888M 50 1 1.889819
5632M 50 1 1.747596
7168M 30 1 1.594224
6912M 30 1 1.985407
6656M 30 1 1.486151
6400M 30 1 1.599543
6144M 30 1 1.483958
5888M 30 1 1.613895
5632M 30 1 1.526280
7168M 10 1 2.264561
6912M 10 1 1.380180
6656M 10 1 1.817781
6400M 10 1 1.635033
6144M 10 1 1.232631
5888M 10 1 1.230051
5632M 10 1 1.277374
7168M 0 1 1.883285
6912M 0 1 1.681595
6656M 0 1 1.156380
6400M 0 1 1.129567
6144M 0 1 1.275699
5888M 0 1 1.245989
5632M 0 1 1.196759
