procs -----------memory---------- ---swap-- -----io---- -system-- ------cpu-----
 r  b 交换 空闲 缓冲 缓存   si   so    bi    bo   in   cs us sy id wa st
 8  1   7472 1881148 205640 3492328    0    0    39   226  249  418  6  5 90  0  0
 7  0   7472 1781648 205640 3498868    0    0     0 22596 12324 22561 27 72  1  0  0
 7  0   7472 1698752 205640 3504760    0    0     0 20232 14425 26876 31 64  5  1  0
 4  0   7472 1616644 205640 3512788    0    0     0 21520 13734 27185 30 68  2  1  0
12  0   7472 1526680 205644 3519376    0    0     0 21864 14471 28750 26 70  4  0  0
 7  0   7472 1452352 205644 3527228    0    0     0 23796 14376 29451 36 58  5  1  0
procs -----------memory---------- ---swap-- -----io---- -system-- ------cpu-----
 r  b 交换 空闲 缓冲 缓存   si   so    bi    bo   in   cs us sy id wa st
 7  2 1089788 3038040  37388 660136    2   39    43   270  255  425  6  5 89  0  0
12  0 1089788 1852504  49452 708480 1776    0 46224 19992 15150 25108 34 62  3  1  0
10  0 1089532 843036  61444 719848  212    0  3676 24700 16891 31450 31 67  3  0  0
 9  0 1124892 191444  50608 670336  308 35500  5860 57064 14658 28671 30 66  3  1  0
11  1 1323636 118340   1472 527352  176 199488   744 216292 13756 23677 29 69  2  1  0
12  0 1556784 114064   4376 362776 1788 239560  6069 256368 15610 25813 26 73  1  0  0
procs -----------memory---------- ---swap-- -----io---- -system-- ------cpu-----
 r  b 交换 空闲 缓冲 缓存   si   so    bi    bo   in   cs us sy id wa st
 9  0 1292340 2299448  32544 420612  105  145   149   379  273  442  6  5 89  0  0
 7  0 1292084 992884  45892 439944  124    0 13608 25064 14847 27613 33 62  4  1  0
10  0 1301016 106888  50384 364668  288 8884   694 32776 15791 30584 31 65  4  1  0
 7  0 1426252 162120   8776 277156 10044 135616 27603 155688 14897 26585 34 64  1  0  0
 9  0 1376148 3460608  19012 286740 73324 22932 75975 47648 20961 37818 25 72  2  1  0
12  1 1368468 3238872  27948 296628 7696    0  9101 23308 15880 28454 41 56  3  0  0
procs -----------memory---------- ---swap-- -----io---- -system-- ------cpu-----
 r  b 交换 空闲 缓冲 缓存   si   so    bi    bo   in   cs us sy id wa st
13  1 1301652 3366620  79144 365424  108  148   155   387  277  448  6  5 89  0  0
 8  0 1300884 2444248  87700 386756  624    0 18517 27460 16912 30207 33 63  3  1  0
13  0 1300372 1458812  92396 407360  516    0 13066 24936 17040 32392 31 65  4  0  0
 6  0 1300372 499212  97752 412016   32    0   224 26152 17243 32319 36 61  3  1  0
10  0 1331476 172248  77804 377016  468 32036   636 56620 16429 32638 43 54  3  1  0
 5  0 1339924 157332  83336 386212   40 8248    40 36768 16161 33476 45 51  4  0  0
procs -----------memory---------- ---swap-- -----io---- -system-- ------cpu-----
 r  b 交换 空闲 缓冲 缓存   si   so    bi    bo   in   cs us sy id wa st
 9  0 1306024 3176392 109756 361432  108  167   156   411  280  454  6  5 89  0  0
 7  0 1305712 1812388 112388 370460  412    0   564 27428 14924 27944 31 65  3  0  0
 6  0 1305668 872200 114656 377084   64    0    64 24612 16755 31278 32 63  4  1  0
 6  0 1305212 3495528 117632 384620  552    0  1645 25228 17391 33507 32 63  5  1  0
11  1 1305172 6131420 121336 390848   44    0    44 24632 17010 31711 35 58  6  1  0
 8  0 1304780 5997624 124332 400200  284    0   288 25660 17662 31915 36 59  5  1  0
procs -----------memory---------- ---swap-- -----io---- -system-- ------cpu-----
 r  b 交换 空闲 缓冲 缓存   si   so    bi    bo   in   cs us sy id wa st
 7  0 1301972 2955684 131152 364672  108  167   156   416  283  460  6  5 89  0  0
10  0 1300980 1966424 132896 371292 1204    0  1806 26848 17676 32210 39 58  3  1  0
 9  0 1299744 915584 133528 377724 1360    0  1460 29128 17291 32717 30 68  2  0  0
 8  0 1299664 574892 134208 383188  128    0   715 29880 15779 32218 41 55  3  0  0
10  0 1299644 6586408 134800 391104   16    0    16 28424 16737 34371 31 65  4  0  0
 7  0 1299616 6140268 135512 399428   16    0    16 25144 16825 33686 34 61  5  1  0
procs -----------memory---------- ---swap-- -----io---- -system-- ------cpu-----
 r  b 交换 空闲 缓冲 缓存   si   so    bi    bo   in   cs us sy id wa st
16  0 1298932 3075332 138032 374064  108  183   156   439  286  466  6  5 89  0  0
 9  0 1298932 4388964 138324 384224   16    0    16 25820 14200 25523 34 64  2  0  0
 9  0 1298932 3584608 138740 391972    8    0     8 29564 16707 32878 32 63  5  0  0
 9  0 1298932 2829036 139116 395884  128    0   128 27812 16927 36292 39 57  4  0  0
12  0 1298420 4536596 139196 403836  284    0   312 26524 17354 38730 37 55  7  1  0
 9  0 1298164 4950184 139332 411352   60    0   778 26780 18002 32776 34 62  4  1  0
procs -----------memory---------- ---swap-- -----io---- -system-- ------cpu-----
 r  b 交换 空闲 缓冲 缓存   si   so    bi    bo   in   cs us sy id wa st
11  0 1297396 2654688 139912 374844  108  183   156   444  290  472  6  5 89  0  0
 5  0 1297396 1578956 139964 383880  100    0   100 27144 17933 32423 32 64  3  1  0
 7  0 1297396 462880 140020 390132    4    0     4 25984 17893 32515 29 66  4  0  0
11  0 1372112 118592   2028 259244   44 74516  1562 97920 14353 26967 27 67  5  1  0
 9  0 1657736 108300   7916 261384   36 285836  1048 300192 18162 21182 29 66  4  1  0
 7  0 1834832 114512  11636 263660   28 177020   887 186724 19436 16767 34 60  3  3  0
procs -----------memory---------- ---swap-- -----io---- -system-- ------cpu-----
 r  b 交换 空闲 缓冲 缓存   si   so    bi    bo   in   cs us sy id wa st
 7  0 1335088 1967232  60036 308344  125  199   174   464  294  479  6  5 89  0  0
11  0 1334832 517336  72656 319892  292    0  7753 25240 15121 27646 29 66  5  1  0
 8  2 1474572 104448  64052 244500  120 139640   588 157480 16777 23320 22 73  4  1  0
10  0 1658116 168128  46428 243028 10796 194396 13278 212456 15669 22404 34 63  2  1  0
 3  2 1595296 1260736  51144 255460 104344 41136 110540 62352 18578 35019 33 60  4  3  0
 7  0 1512608 3516860  62180 263804 82892    0 83404 26132 19653 35813 27 65  5  3  0
procs -----------memory---------- ---swap-- -----io---- -system-- ------cpu-----
 r  b 交换 空闲 缓冲 缓存   si   so    bi    bo   in   cs us sy id wa st
 9  1 1335456 2655424  93156 314832  133  207   183   477  297  485  6  6 89  0  0
13  0 1335456 1388716  98500 329504   24    0  5832 29156 16927 31132 30 66  4  1  0
12  0 1335200 364612 103536 336352  280    0   280 25532 16122 33803 31 65  3  1  0
 8  0 1360056 139024  42044 249472    0 24824   696 52176 16499 35376 36 59  5  1  0
 4  0 1360056 619936  48708 259772  100    0  2745 29520 15850 32419 38 55  7  0  0
 7  0 1360056 6890776  54692 269504   32    0   876 26344 17646 35011 23 70  6  1  0
procs -----------memory---------- ---swap-- -----io---- -system-- ------cpu-----
 r  b 交换 空闲 缓冲 缓存   si   so    bi    bo   in   cs us sy id wa st
 5  0 1348024 2756196  94036 289260  133  207   184   482  300  491  6  6 89  0  0
10  0 1347512 1354928  99968 300960   72    0  9336 25876 16509 32726 28 70  2  1  0
14  0 1347512 641828 102532 308932   24    0    28 27432 16391 32906 30 60  9  1  0
10  0 1347512 3506564 106696 314348   12    0    12 24408 16598 32482 34 60  5  1  0
 5  0 1347512 6294508 110732 322612  128    0   128 27676 17290 35658 35 59  5  1  0
12  0 1347512 5597084 114556 332360    0    0   204 26624 18873 34209 34 59  6  1  0
procs -----------memory---------- ---swap-- -----io---- -system-- ------cpu-----
 r  b 交换 空闲 缓冲 缓存   si   so    bi    bo   in   cs us sy id wa st
 8  0 1345208 2560676 126300 317340  133  207   184   487  304  497  6  6 89  0  0
 7  0 1344952 1494784 128072 325944  128    0   148 26944 16283 30078 33 60  6  1  0
 8  0 1344952 786164 129756 333028    4    0     4 25188 15716 30209 36 59  5  1  0
 9  0 1344696 3606032 130996 338800  132    0   388 28244 15182 30245 29 66  4  0  0
 6  1 1344440 6339696 131476 354260  496    0 11752 26896 18262 35162 28 67  4  1  0
 9  0 1344440 5604488 132400 362484    0    0     0 28904 18251 40650 40 55  4  1  0
procs -----------memory---------- ---swap-- -----io---- -system-- ------cpu-----
 r  b 交换 空闲 缓冲 缓存   si   so    bi    bo   in   cs us sy id wa st
 9  1 1324728 2592064 136252 360372  134  207   186   493  307  503  6  6 88  0  0
 9  1 1319864 1591228 136904 372484 5072    0  8069 28604 18119 36360 27 70  3  1  0
 9  0 1319608 757112 137264 379708    8    0     8 25136 16198 31876 32 62  6  1  0
 9  1 1319352 4725040 137588 387284   96    0    96 25372 17635 31874 29 69  2  0  0
 4  0 1319352 6169048 137996 395596    4    0     4 26824 15301 32747 39 55  5  1  0
 9  0 1318840 5397436 138268 404872  308    0   308 29136 17905 33225 39 55  5  1  0
procs -----------memory---------- ---swap-- -----io---- -system-- ------cpu-----
 r  b 交换 空闲 缓冲 缓存   si   so    bi    bo   in   cs us sy id wa st
11  0 1313976 1896208 139104 373824  134  206   186   498  310  509  6  6 88  0  0
 8  0 1313720 1119136 139344 381616  328    0   428 26232 17844 31475 34 64  1  0  0
 7  1 1354488 3779032 139460 389952    0 40536     8 64500 17385 30817 30 68  3  0  0
11  1 1563088 3380120 139524 398732   20 209140   188 233068 16005 30200 34 61  4  1  0
 6  0 1693336 3060836 139584 406588    0 130188     0 148684 17336 26699 33 61  5  2  0
11  1 1915132 2707320 139668 414548    0 221616     0 240868 15825 23941 34 60  5  2  0
procs -----------memory---------- ---swap-- -----io---- -system-- ------cpu-----
 r  b 交换 空闲 缓冲 缓存   si   so    bi    bo   in   cs us sy id wa st
12  0 1311640 780448 140076 372320  134  225   186   521  313  514  6  6 88  0  0
11  0 1431164 106636   6532 187564 4212 121840 15637 143356 14555 26707 20 76  3  0  0
 3  6 1631760 103664  10968 243952 30412 231056 82715 241352 20464 22791 14 78  1  6  0
 7  1 1820544 111140  15176 261376 22684 211040 41192 219820 22042 21887 16 76  1  6  0
10  0 1903592 125464  21812 293576 104704 170116 134256 186896 22519 33166 14 80  2  4  0
 6  1 1964552 151980  28216 298548 109284 147828 111792 166204 23316 36424 17 76  3  4  0
procs -----------memory---------- ---swap-- -----io---- -system-- ------cpu-----
 r  b 交换 空闲 缓冲 缓存   si   so    bi    bo   in   cs us sy id wa st
 5  0 1346140 1536300  60364 354708  204  292   259   591  325  525  6  6 88  0  0
 5  0 1356636 103504  14156 342236   88 9988 19568 32624 15537 28400 20 73  5  1  0
 6  1 1522784 116784   7900 238420 7580 172552 38818 187420 16961 24569 20 76  3  1  0
 9  1 1639804 146448  13804 240512 30400 146384 32086 159648 20098 24177 23 71  3  3  0
 4  0 1573408 3598052  24156 248244 89296 19964 89444 41800 23259 44399 19 70  6  5  0
 6  0 1511456 3173196  33828 259664 75948    0 80664 20680 24868 44794 17 70  7  5  0
procs -----------memory---------- ---swap-- -----io---- -system-- ------cpu-----
 r  b 交换 空闲 缓冲 缓存   si   so    bi    bo   in   cs us sy id wa st
13  1 1368864 1893392  87480 297492  211  299   268   602  329  532  6  6 88  0  0
 7  0 1368608 377964  93148 314676  236    0 12304 25144 16611 32041 19 75  5  1  0
 6  0 1411560 2729836  48908 263212   64 43372   640 67296 15360 30133 28 67  5  1  0
 5  0 1411304 3356832  57248 271044  132    0   660 25268 17133 32661 30 60  9  1  0
 4  0 1409768 6255972  63516 278168 1568    0  3669 24684 17918 35063 22 69  7  1  0
 8  0 1409512 5261524  69212 287536   36    0    84 29504 18705 37959 29 60  9  2  0
procs -----------memory---------- ---swap-- -----io---- -system-- ------cpu-----
 r  b 交换 空闲 缓冲 缓存   si   so    bi    bo   in   cs us sy id wa st
 4  0 1358332 1873896 101268 290368  212  316   269   625  332  538  6  6 88  0  0
 8  0 1358236 333028 104584 303668   76    0  5959 26212 15137 28220 27 65  7  1  0
 4  0 1358236 5117016 106816 311896    0    0     0 25396 16190 33075 27 67  5  1  0
 6  0 1357992 6182248 110168 317044  252    0   252 25524 18157 35511 27 66  6  1  0
 3  0 1357824 5186680 114424 326584  220    0   396 27780 19073 36810 28 61  9  2  0
 8  0 1357748 4339064 118316 330372   92    0    96 27076 18730 35827 32 61  6  1  0
procs -----------memory---------- ---swap-- -----io---- -system-- ------cpu-----
 r  b 交换 空闲 缓冲 缓存   si   so    bi    bo   in   cs us sy id wa st
 5  0 1356416 1738404 129756 302656  212  333   269   648  336  545  6  6 88  0  0
 9  0 1356356 429124 131284 309440   96    0   240 25900 14029 28709 31 61  7  1  0
10  1 1356308 5313316 132056 318892   44    0   605 25860 15805 35607 24 67  7  1  0
 7  1 1356296 6032912 132692 323788    8    0     8 27336 17565 37869 25 69  6  1  0
 6  0 1356284 5223880 133200 331844    0    0     0 29052 19248 37740 31 62  6  1  0
10  1 1356280 4314688 134144 340004    0    0     0 27340 18063 36064 27 66  7  1  0
procs -----------memory---------- ---swap-- -----io---- -system-- ------cpu-----
 r  b 交换 空闲 缓冲 缓存   si   so    bi    bo   in   cs us sy id wa st
 6  0 1350244 4251112 137096 306352  212  333   269   652  339  551  6  6 88  0  0
10  0 1334040 3084184 137368 319008 16500    0 23456 22928 17978 34311 26 67  6  2  0
 6  1 1333880 5705528 137860 326724  116    0   116 25320 16770 34244 23 66 10  1  0
 6  0 1333880 4778296 138380 331788    0    0    24 23776 17008 37452 27 65  6  1  0
 6  0 1333708 3858432 138924 339316  152    0   280 23652 16051 33671 34 58  7  1  0
 7  0 1333664 2926712 139244 345992   48    0    48 22324 19159 41492 31 61  7  1  0
procs -----------memory---------- ---swap-- -----io---- -system-- ------cpu-----
 r  b 交换 空闲 缓冲 缓存   si   so    bi    bo   in   cs us sy id wa st
 5  0 1328764 1474272 139824 322412  212  350   270   674  342  557  6  6 88  0  0
13  0 1328744 2433980 140028 330140   24    0    24 25920 15210 30630 34 57  8  1  0
 8  0 1328544 6282468 140196 337704  248    0   248 27948 15752 32901 22 72  5  1  0
 5  0 1328460 5389332 140280 343928  100    0   100 29668 16714 32742 30 66  4  0  0
 6  0 1328352 4649880 140356 350720  100    0   100 26976 18405 34243 31 62  6  1  0
 3  0 1328348 3695700 140376 359112    0    0     0 27584 19610 40557 27 63  9  1  0
procs -----------memory---------- ---swap-- -----io---- -system-- ------cpu-----
 r  b 交换 空闲 缓冲 缓存   si   so    bi    bo   in   cs us sy id wa st
 6  0 1327872 1125128 140744 325636  212  350   269   679  345  563  6  6 88  0  0
 6  0 1336992 142668   2308 209292  404 8708   837 32868 13201 26851 21 71  7  1  0
 4  5 1537716 103676   6820 216220 9296 209140 33590 221364 19335 22162 19 75  2  4  0
 8  2 1669256 105656   9476 212672 39352 165164 42109 172836 22683 25157 11 78  1 10  0
 3  1 1820496 138696  16012 217488 66680 207756 69479 224732 24223 32421 13 71  7  9  0
 4  0 1852836 143092  21912 218004 84596 95224 85304 110560 23656 35750 11 71  6 12  0
procs -----------memory---------- ---swap-- -----io---- -system-- ------cpu-----
 r  b 交换 空闲 缓冲 缓存   si   so    bi    bo   in   cs us sy id wa st
 7  0 1350740 420276  59048 321352  280  415   340   747  357  576  6  6 88  0  0
 6  7 1484528 104052  13488 212188 2704 135212 50480 150252 12892 17462 15 79  3  4  0
 9  0 1614180 133828  16192 257696 16056 142212 74894 148136 18891 15281 12 76  0 11  0
 9  0 1578128 3418800  27612 300352 63348 14092 99470 37464 21418 37625 12 81  3  4  0
10  0 1543056 2778292  37892 308752 46888    0 47388 25448 22441 42149 21 66  9  4  0
 5  2 1463440 1985756  46976 315012 99424    0 99636 23256 20375 38096 17 71  9  3  0
procs -----------memory---------- ---swap-- -----io---- -system-- ------cpu-----
 r  b 交换 空闲 缓冲 缓存   si   so    bi    bo   in   cs us sy id wa st
 6  0 1392852 1619472  97860 350088  285  436   349   774  361  583  6  6 88  0  0
 4  0 1392260 485596 103412 366852  792    0 12120 23104 14585 26691 23 68  7  2  0
 5  0 1392408 3366776  55104 333784 1532 1268  1728 29248 16838 32638 17 69 13  1  0
11  0 1392408 3111020  60496 340696  100    0   613 25316 15317 31739 22 75  2  0  0
 5  0 1392408 5879116  70008 349636    0    0   280 30824 17568 38579 15 71 13  1  0
 7  0 1390872 4837124  80336 360444 1876    0  3748 30104 16584 33247 21 70  9  0  0
procs -----------memory---------- ---swap-- -----io---- -system-- ------cpu-----
 r  b 交换 空闲 缓冲 缓存   si   so    bi    bo   in   cs us sy id wa st
 5  0 1358104 762916 108780 339548  286  436   350   779  364  589  6  6 88  0  0
 6  0 1358104 1611464 112948 347696   52    0  1016 26384 15481 31078 30 59  9  2  0
 6  0 1358104 4904996 116880 354544    0    0     0 27120 16646 34457 13 79  7  1  0
 7  0 1357848 2748608 120352 360376   80    0    84 33040 19099 36872 20 70  9  1  0
 6  0 1357848 2364148 123156 369560  216    0   220 28216 16614 36867 39 49 10  1  0
 5  0 1357848 1805968 124464 376312   24    0    28 30316 17438 39921 40 53  6  1  0
procs -----------memory---------- ---swap-- -----io---- -system-- ------cpu-----
 r  b 交换 空闲 缓冲 缓存   si   so    bi    bo   in   cs us sy id wa st
10  1 1356568 1221336 132004 342280  286  435   350   784  367  596  6  6 87  0  0
 7  1 1356568 3561308 132496 348884   36    0    40 26560 16052 35170 23 67  9  2  0
 9  0 1356312 5407796 133112 357688  320    0  1728 23360 16647 31400 25 68  7  1  0
 7  0 1356312 5496304 133976 363868   84    0   340 30396 14183 38383 25 66  9  0  0
 8  0 1356312 4254492 134992 371564    0    0     0 32244 18652 40138 28 64  7  1  0
 5  0 1356312 2951908 135640 380400    0    0     8 30112 18026 36523 31 61  7  1  0
procs -----------memory---------- ---swap-- -----io---- -system-- ------cpu-----
 r  b 交换 空闲 缓冲 缓存   si   so    bi    bo   in   cs us sy id wa st
 8  0 1352728 1281944 137740 342992  285  435   350   789  370  602  6  7 87  0  0
 6  0 1352472 3640712 138180 349840  144    0   144 23768 15077 28908 23 67  9  1  0
 7  1 1352472 6148780 138428 356132    8    0     8 25612 17217 35331 21 71  6  2  0
 3  0 1352472 4927900 138816 365436  176    0  3653 28152 17990 35870 24 62 12  2  0
 4  2 1335576 3876716 138968 379916 17484    0 24739 26756 19871 40615 25 65  8  2  0
 3  0 1335576 2793784 139120 382668   16    0    28 28420 19258 38211 20 65 13  2  0
procs -----------memory---------- ---swap-- -----io---- -system-- ------cpu-----
 r  b 交换 空闲 缓冲 缓存   si   so    bi    bo   in   cs us sy id wa st
 5  0 1331736 991220 140100 369072  285  434   350   794  373  608  6  7 87  0  0
11  0 1331736 6616088 140204 375348   40    0   180 27352 14298 27431 29 66  4  1  0
10  0 1331736 5722008 140316 383668    4    0     4 34592 17902 36394 23 72  5  0  0
 9  0 1330968 4587216 140476 388516   44    0   304 33396 17043 37265 23 68  9  0  0
 5  1 1330968 3611728 140548 399912   12    0    12 29520 15454 36027 26 64  9  1  0
 5  0 1325592 2588636 140636 413292 4644    0  8548 29064 18830 42051 20 66 14  1  0
procs -----------memory---------- ---swap-- -----io---- -system-- ------cpu-----
 r  b 交换 空闲 缓冲 缓存   si   so    bi    bo   in   cs us sy id wa st
 8  0 1323924 2710292 140880 381112  285  452   350   816  376  614  6  7 87  0  0
 8  0 1323872 1441532 140904 387840   56    0    56 22096 15629 28490 37 61  2  0  0
 6  0 1323872 492008 140952 394360    0    0     0 21952 18942 34692 29 66  4  1  0
12  3 1418124 103540   4764 310008   48 93588   723 110648 20326 26061 27 69  3  1  0
10  3 1564988 102824   6180 310876    4 146940   288 150664 20590 14407 35 62  1  2  0
12  1 1760736 131876  12908 313344    0 195832   960 210968 16653 22894 36 63  0  1  0
procs -----------memory---------- ---swap-- -----io---- -system-- ------cpu-----
 r  b 交换 空闲 缓冲 缓存   si   so    bi    bo   in   cs us sy id wa st
12  0 1320424 3334412  71752 345324  295  461   360   829  380  620  6  7 87  0  0
 7  0 1320424 2157684  80644 356224    4    0  4200 27480 16606 31069 31 65  3  0  0
 6  0 1320424 951112  83912 364400   88    0    88 22180 16340 30101 31 63  5  1  0
12  0 1320936 172768  55836 286396    0  360    52 24388 17538 30618 26 72  2  0  0
 7  4 1451836 113424   8264 215296  988 131312 19665 147492 16119 20788 34 63  2  2  0
11  1 1546744 138152  14848 220140 36888 131580 41241 148280 20039 23639 31 65  3  2  0
procs -----------memory---------- ---swap-- -----io---- -system-- ------cpu-----
 r  b 交换 空闲 缓冲 缓存   si   so    bi    bo   in   cs us sy id wa st
12  2 1347568 3413400  68800 291616  302  467   369   839  384  626  6  7 87  0  0
 8  0 1347056 2181692  80060 311896  712    0 16110 24260 14561 27777 35 61  3  1  0
 7  0 1347056 1049972  85516 318336  116    0   124 26468 16617 34848 38 57  4  1  0
12  0 1375764 132644  53884 263204  384 29076  1031 53076 15701 30933 27 71  3  0  0
13  0 1386004 124548  22788 264328   48 10384   368 36988 15162 31746 53 43  4  0  0
 8  0 1498864 1742412  12384 267168  352 113104   412 130564 16941 27115 36 59  3  2  0
procs -----------memory---------- ---swap-- -----io---- -system-- ------cpu-----
 r  b 交换 空闲 缓冲 缓存   si   so    bi    bo   in   cs us sy id wa st
 8  0 1364096 2826644  65104 334280  302  484   370   861  387  631  6  7 87  0  0
 7  0 1364056 1668040  78976 347580   32    0  8548 25448 16391 29163 33 64  3  1  0
 8  0 1363972 514636  84692 355700    0    0     0 26368 16524 31635 26 71  3  0  0
 8  0 1347308 745500  88964 362656 14868    0 15128 22964 14120 30012 41 56  3  1  0
 5  0 1347212 4497964  93936 369100    0    0     0 25356 15448 37195 34 61  4  1  0
 6  0 1346568 6158172  99156 378748  260    0   260 25860 18052 34839 34 62  4  1  0
procs -----------memory---------- ---swap-- -----io---- -system-- ------cpu-----
 r  b 交换 空闲 缓冲 缓存   si   so    bi    bo   in   cs us sy id wa st
13  0 1373592 2047180 118036 341984  302  484   371   866  390  637  6  7 87  0  0
 6  1 1486468 1698444 119600 350796 1324 113948  2940 130752 16528 20704 31 65  2  2  0
 9  2 1642764 1158436 121404 358504  392 156592   679 178136 17268 26371 25 74  1  0  0
 6  1 1810240 685460 123436 363884   92 167112  1156 190784 17738 31438 27 68  4  1  0
 6  0 1943740 385356 125100 371396  224 133920   324 155756 15673 30281 37 56  6  1  0
 8  0 2093140 3516648 127052 378776    0 149360     4 172976 15909 30249 31 64  5  0  0
procs -----------memory---------- ---swap-- -----io---- -system-- ------cpu-----
 r  b 交换 空闲 缓冲 缓存   si   so    bi    bo   in   cs us sy id wa st
17  0 1339900 3414976 133096 350276  302  500   370   887  392  642  6  7 87  0  0
 7  2 1339888 2329216 134348 357716   32    0   168 26056 16075 30489 34 63  2  0  0
10  1 1339880 1242872 135056 365072    8    0     8 28396 16724 34762 31 66  3  0  0
 8  0 1339764 776444 135572 370412  144    0   724 24976 14981 33190 32 64  3  0  0
10  0 1339552 3127212 136000 377840  244    0   248 23900 16259 31889 39 56  4  1  0
10  1 1339548 4803284 136568 384748    0    0     0 27604 16266 33047 28 70  2  0  0
procs -----------memory---------- ---swap-- -----io---- -system-- ------cpu-----
 r  b 交换 空闲 缓冲 缓存   si   so    bi    bo   in   cs us sy id wa st
10  1 1338568 2991324 138672 359704  302  499   370   891  395  648  6  7 87  0  0
10  1 1338560 1950648 138940 365172   12    0   236 26908 16797 30658 39 58  3  1  0
10  1 1338396 1568624 139104 371120  164    0   164 23612 15105 27965 41 56  3  0  0
 7  1 1338380 3813096 139292 374020   24    0    24 23936 16713 33932 41 55  4  1  0
 5  0 1338376 3314912 139532 381624   12    0    12 24480 15206 31318 38 59  3  0  0
11  0 1338376 5823680 139640 390236    0    0     0 30640 18397 33435 32 64  4  0  0
procs -----------memory---------- ---swap-- -----io---- -system-- ------cpu-----
 r  b 交换 空闲 缓冲 缓存   si   so    bi    bo   in   cs us sy id wa st
 7  1 1337660 2864272 140328 356632  302  499   370   896  398  653  6  7 87  0  0
 8  0 1324440 1607564 140388 368868 13120    0 16216 27380 15938 28728 29 68  4  0  0
 5  0 1324440 341800 140428 375552    0    0     0 25164 17048 31334 29 68  3  1  0
11  0 1424620 103964   3504 177352 3700 101908  8777 120764 18285 25125 25 69  3  2  0
17  0 1585904 114184   7736 209536 23060 180596 66387 188660 19662 18921 20 75  1  4  0
12  0 1760048 116092  13560 248276 25396 191780 65262 204932 19926 23653 21 76  1  3  0
procs -----------memory---------- ---swap-- -----io---- -system-- ------cpu-----
 r  b 交换 空闲 缓冲 缓存   si   so    bi    bo   in   cs us sy id wa st
 6  0 1385760 2252708  38756 340152  463  653   538  1051  427  674  6  7 86  0  0
 7  0 1384224 820436  53544 397248 1640    0 54708 28416 14785 26883 27 68  5  1  0
 8  0 1394592 119780   5416 226236  124 10268   637 35412 15068 31066 26 71  3  0  0
11  2 1509932 106700   8472 221172 9528 123928 17408 131952 19759 20728 24 72  1  3  0
11  3 1659032 1256912  14732 228580 20068 164820 27487 179948 18366 22687 29 68  1  2  0
 5  0 1614232 3616472  24612 239816 61092 2456 61606 28200 21912 40639 27 67  5  1  0
procs -----------memory---------- ---swap-- -----io---- -system-- ------cpu-----
 r  b 交换 空闲 缓冲 缓存   si   so    bi    bo   in   cs us sy id wa st
 6  0 1377584 1028252  81456 302560  470  673   547  1076  431  680  6  7 86  0  0
 7  2 1367828 3877744  88808 331044 9108    0 28963 23360 16327 27731 25 73  1  1  0
 6  1 1367776 2958224  93180 338272   40    0    40 23368 16767 32879 26 66  7  1  0
 6  0 1367168 2974872  99272 346120  488    0   496 30176 17903 35895 37 60  3  0  0
12  1 1366892 5374996 104528 355540  348    0  1880 27032 17232 34957 31 64  5  0  0
 8  1 1365896 4759388 109552 377044  856    0  8016 26552 18215 33960 30 64  5  1  0
procs -----------memory---------- ---swap-- -----io---- -system-- ------cpu-----
 r  b 交换 空闲 缓冲 缓存   si   so    bi    bo   in   cs us sy id wa st
 7  0 1360456 2221392 124304 350788  469  672   548  1081  434  686  6  7 86  0  0
14  0 1360144 870292 126652 358156  384    0   592 24940 14619 27483 31 65  4  0  0
 6  0 1359172 1821976 128588 365116  872    0  1828 25844 16982 33651 32 62  5  1  0
10  0 1358964 3359500 129652 371428  264    0   264 24940 17183 34766 34 60  5  1  0
 5  0 1358932 6230772 130872 378688   56    0    56 26400 17766 35113 29 65  5  1  0
 3  1 1358692 5434968 132056 386820  192    0   200 27408 17113 35578 33 58  7  1  0
procs -----------memory---------- ---swap-- -----io---- -system-- ------cpu-----
 r  b 交换 空闲 缓冲 缓存   si   so    bi    bo   in   cs us sy id wa st
 6  0 1357496 2398088 137260 357028  469  688   547  1102  437  692  6  7 86  0  0
 6  0 1357320 1000060 137856 365396  124    0   128 27156 16119 30641 30 64  5  1  0
10  0 1356732 329768 138452 373852  672    0  1796 27028 16723 31669 33 61  6  1  0
 6  0 1356340 6611956 139164 380572  392    0   744 26956 14870 32947 29 65  6  1  0
11  0 1350092 6078252 139676 385628 6708    0  6780 22064 14888 31503 29 68  3  0  0
 5  0 1333284 5211432 139920 401488 17620    0 24156 26044 18072 33021 32 63  4  1  0
procs -----------memory---------- ---swap-- -----io---- -system-- ------cpu-----
 r  b 交换 空闲 缓冲 缓存   si   so    bi    bo   in   cs us sy id wa st
 7  0 1330120 4701236 141360 367032  469  687   547  1106  440  698  6  7 86  0  0
 7  0 1324708 3638360 141516 379136 4340    0  7232 28632 15426 29808 32 62  5  1  0
 7  0 1324660 2569652 141612 387824   36    0   284 24996 14648 35357 37 59  4  1  0
 6  0 1324644 2111264 141712 393972   32    0    32 26220 16678 33450 41 52  6  1  0
 9  1 1324644 4595400 141856 401176    0    0     0 32400 16423 32952 28 66  6  0  0
 7  0 1324596 3748440 141992 409544   56    0    56 29068 17139 39167 35 59  5  1  0
procs -----------memory---------- ---swap-- -----io---- -system-- ------cpu-----
 r  b 交换 空闲 缓冲 缓存   si   so    bi    bo   in   cs us sy id wa st
 7  0 1324432 2766344 142372 370680  469  687   547  1111  442  703  6  7 86  0  0
 7  0 1324388 1774272 142432 377580   56    0    56 27524 17799 32432 31 66  3  0  0
12  0 1324384 3228760 142512 386684    0    0     0 30092 15847 33216 31 64  5  0  0
 7  1 1324384 3625752 142560 393532    0    0     0 28812 17265 34807 29 65  5  1  0
 8  0 1324380 5960532 142596 401264    0    0    32 29352 17047 36774 36 58  5  1  0
 7  0 1324380 5100788 142612 408272    0    0     0 26644 16899 35588 34 60  5  1  0
procs -----------memory---------- ---swap-- -----io---- -system-- ------cpu-----
 r  b 交换 空闲 缓冲 缓存   si   so    bi    bo   in   cs us sy id wa st
 8  1 1321120 1697556 142784 375748  468  686   546  1115  445  709  6  8 86  0  0
 5  0 1321100 102536 141276 378924   24    0    68 30180 14782 34436 24 69  7  0  0
 5  0 1493024 104760  18408 328168    0 171940   877 181412 19578 21406 19 72  2  7  0
 8  0 1761352 102708  21100 328048  272 267644   792 275324 22821 18196 18 75  1  6  0
 6  0 1996760 124912  26900 331172 6732 241848  7950 257516 18406 21130 27 67  4  2  0
 9  1 1987912 3108712  35644 337948 77320 64148 77608 86764 21622 35960 23 65  6  6  0
procs -----------memory---------- ---swap-- -----io---- -system-- ------cpu-----
 r  b 交换 空闲 缓冲 缓存   si   so    bi    bo   in   cs us sy id wa st
 9  0 1323104 1407632  64468 328156  484  701   562  1134  450  715  6  8 86  0  0
 9  0 1340268 103388  48276 288252   32 17268  8040 44768 15297 29029 19 73  7  1  0
 7  0 1429248 107784   7220 176436 3568 91472 17315 107780 16898 23214 35 62  2  2  0
 9  0 1546856 143976  13244 209300 16032 128708 59271 142924 18010 26714 22 71  2  5  0
 6  0 1597628 1262532  20336 235060 41752 80496 73477 97264 17800 31289 18 77  2  3  0
12  0 1549500 3422408  31296 242136 61256    0 62060 25456 20887 41341 18 75  4  3  0
procs -----------memory---------- ---swap-- -----io---- -system-- ------cpu-----
 r  b 交换 空闲 缓冲 缓存   si   so    bi    bo   in   cs us sy id wa st
10  0 1380540 2274344  77560 322736  490  706   572  1143  453  721  6  8 86  0  0
 5  1 1380284 919480  85932 343688  344    0 15832 27500 16776 31103 18 73  9  1  0
 8  2 1379260 1597292  90408 351096  944    0  1154 23932 14063 32117 32 64  4  0  0
10  1 1374908 2336096  95032 364980 4880    0 12577 24976 17703 34313 26 68  5  1  0
10  0 1355964 3495376 100016 373604 19256    0 20204 25880 19763 35602 16 81  3  1  0
 9  0 1353916 2646228 105004 383044  564    0   812 27624 18178 37045 38 54  7  1  0
procs -----------memory---------- ---swap-- -----io---- -system-- ------cpu-----
 r  b 交换 空闲 缓冲 缓存   si   so    bi    bo   in   cs us sy id wa st
 5  0 1344212 1767488 120940 359516  490  722   572  1164  456  727  6  8 86  0  0
 4  1 1344104 384344 123552 366444  136    0   136 25816 15755 29672 28 68  4  1  0
 4  0 1344140 3421704 125764 353240   12    8   545 25728 15568 29836 35 60  5  1  0
 7  0 1344140 6458272 126896 359588    0    0     0 26268 18258 34661 26 71  3  1  0
 7  1 1344140 5647800 128360 368156  120    0   636 33740 20500 37934 25 68  6  1  0
 8  1 1344140 4556456 129908 377836  128    0  2566 29652 17829 35622 28 63  9  1  0
procs -----------memory---------- ---swap-- -----io---- -system-- ------cpu-----
 r  b 交换 空闲 缓冲 缓存   si   so    bi    bo   in   cs us sy id wa st
12  0 1339276 1196940 134752 352224  490  721   572  1169  459  733  6  8 86  0  0
 7  0 1339276 1333808 135216 361016   68    0   108 26292 14659 28089 27 66  6  1  0
 5  0 1339276 6508308 135920 369652  116    0   116 29216 17918 35438 27 69  4  0  0
 7  0 1339276 5551484 136568 375384    8    0     8 29120 17454 36173 32 60  7  1  0
 6  0 1339020 4464152 137100 383352   96    0    96 28028 17791 37483 29 63  7  1  0
 3  0 1337228 3478116 137428 394284 2140    0  3626 29628 18948 38774 28 63  7  1  0
procs -----------memory---------- ---swap-- -----io---- -system-- ------cpu-----
 r  b 交换 空闲 缓冲 缓存   si   so    bi    bo   in   cs us sy id wa st
 7  0 1335692 1601828 138792 369716  489  721   572  1173  462  739  6  8 86  0  0
 5  0 1335692 873460 138932 377164  120    0   124 26324 14192 28059 33 59  8  1  0
 8  0 1335692 6551460 139036 383564   80    0    80 25960 15361 31162 20 77  3  0  0
 4  0 1335436 5546404 139216 390216   84    0    84 31012 18470 37246 29 63  7  1  0
 5  0 1335180 4493624 139312 396960  216    0   295 26868 17570 35824 24 68  7  1  0
10  0 1335180 3416604 139460 402436    0    0     0 29292 18586 38574 29 63  7  1  0
procs -----------memory---------- ---swap-- -----io---- -system-- ------cpu-----
 r  b 交换 空闲 缓冲 缓存   si   so    bi    bo   in   cs us sy id wa st
11  0 1334668 1288408 139860 369728  489  720   571  1178  465  745  6  8 86  0  0
10  0 1360576 817476 139940 406296 20836 43396 50131 63520 15111 25260 31 64  4  2  0
 6  0 1478272 3676036 140304 413620 5260 122772  5784 139544 18004 27706 21 75  3  1  0
10  0 1700256 3367824 140332 419056    0 222212     0 242128 15892 27026 26 65  6  3  0
 7  0 1934092 2959412 140372 426764    0 233860     0 254808 15660 31695 26 65  7  2  0
 5  0 2171604 2526212 140396 434832   44 237372    44 260948 14716 31711 20 73  6  1  0
procs -----------memory---------- ---swap-- -----io---- -system-- ------cpu-----
 r  b 交换 空闲 缓冲 缓存   si   so    bi    bo   in   cs us sy id wa st
 9  0 1305316 1054328 140556 401788  489  737   572  1199  467  750  6  8 86  0  0
 7  0 1309412 133032   1660 279164    0 3520  1405 28644 15326 29052 22 70  7  2  0
 7  0 1358140 3351852  10336 258196  724 48836 41632 70456 18860 31297 14 81  5  1  0
 6  0 1329212 2859836  20608 269160 35648    0 40246 25612 18451 36202 28 60  9  3  0
 8  1 1328700 6074312  31424 312472  684    0 45454 23220 15014 30245 26 67  7  1  0
 9  0 1327676 5084980  42536 337372 1040    0 17682 27412 17745 37714 19 69 10  2  0
procs -----------memory---------- ---swap-- -----io---- -system-- ------cpu-----
 r  b 交换 空闲 缓冲 缓存   si   so    bi    bo   in   cs us sy id wa st
 5  0 1316668 825148  84520 386324  490  737   576  1204  470  755  6  8 86  0  0
 6  0 1349640 1852888  33848 334904  280 33224 16702 55392 15110 25923 23 71  6  1  0
 6  0 1348872 3143496  43132 341808  152    0   421 23608 14878 29901 30 64  4  1  0
 4  0 1348872 6146164  53828 347720   28    0   448 26412 17248 36366 18 69 11  3  0
 5  0 1348616 5107620  63124 363112  384    0  5580 30008 18910 41851 28 63  8  2  0
 9  0 1346824 4016964  69884 374856 1972    0  5308 29700 18160 41130 26 64  7  2  0
procs -----------memory---------- ---swap-- -----io---- -system-- ------cpu-----
 r  b 交换 空闲 缓冲 缓存   si   so    bi    bo   in   cs us sy id wa st
10  0 1344264 1549132 104372 346548  489  737   576  1209  473  762  6  8 86  0  0
 9  0 1343496 334804 106856 354844  336    0   964 22024 15465 30102 26 67  6  1  0
 9  0 1343496 3231488 110664 367372  112    0  3440 25876 16918 36211 23 74  3  1  0
 4  0 1343496 6089008 114388 372116   56    0    56 23240 16639 40166 18 73  9  1  0
 6  0 1343496 5001132 118364 381260   96    0   352 25140 18725 37504 24 66  9  1  0
 3  0 1343496 3959616 121284 389644    0    0     0 24872 19516 35199 28 61  9  2  0
procs -----------memory---------- ---swap-- -----io---- -system-- ------cpu-----
 r  b 交换 空闲 缓冲 缓存   si   so    bi    bo   in   cs us sy id wa st
 5  0 1342216 1361820 129456 351308  489  736   575  1212  476  768  6  8 85  0  0
 6  0 1342216 3708480 130872 357612    0    0     0 24164 14920 30680 23 69  7  1  0
 7  0 1342216 3686976 131924 366992   16    0    16 26236 16620 33565 23 69  7  1  0
 7  0 1342216 5727460 132976 372936    0    0     0 30748 18745 37748 18 69 11  1  0
 3  0 1342216 4618488 134084 381728    0    0     0 31128 17653 38911 21 65 14  1  0
 4  0 1342216 3443944 134780 389656    4    0     4 29216 16271 38218 24 61 14  1  0
procs -----------memory---------- ---swap-- -----io---- -system-- ------cpu-----
 r  b 交换 空闲 缓冲 缓存   si   so    bi    bo   in   cs us sy id wa st
 9  0 1336328 3776692 137940 361872  488  735   575  1217  479  773  6  8 85  0  0
 5  0 1336328 2373152 138176 369408   92    0    92 26592 17347 34676 25 66  7  2  0
11  0 1336072 3670828 138388 376288   20    0    20 22516 16846 32542 29 66  4  1  0
 7  0 1336072 4209244 138812 381072   16    0    16 28940 18843 39038 20 68 10  2  0
 9  1 1335304 3096920 139104 389344  944    0   968 28788 19377 40529 25 63 10  2  0
 4  0 1323784 2181164 139304 399432 13104    0 13104 28892 20881 44801 28 66  4  2  0
procs -----------memory---------- ---swap-- -----io---- -system-- ------cpu-----
 r  b 交换 空闲 缓冲 缓存   si   so    bi    bo   in   cs us sy id wa st
 8  0 1323272 804288 140108 361952  488  735   575  1221  482  780  6  8 85  0  0
 7  0 1323272 6588920 140260 367836    0    0    16 22680 15403 30865 23 70  6  1  0
 7  0 1323272 5629964 140384 375896   16    0   100 24704 18123 40133 25 70  4  1  0
 4  0 1323272 4468404 140464 382016   20    0    24 28528 20420 41604 28 64  7  2  0
 7  0 1323272 3330120 140568 390744   48    0    48 31888 19495 43390 30 64  5  1  0
 7  1 1323272 2230208 140628 399520   20    0    20 23736 16684 35168 29 61  8  2  0
procs -----------memory---------- ---swap-- -----io---- -system-- ------cpu-----
 r  b 交换 空闲 缓冲 缓存   si   so    bi    bo   in   cs us sy id wa st
 5  1 1323016 1023916 140888 366792  488  734   574  1225  484  786  6  8 85  0  0
 5  0 1323016 6682324 140904 374680   16    0    40 24724 13817 27531 35 58  6  1  0
 5  0 1322760 5619292 140920 382256   64    0    64 29020 19030 36059 26 65  8  1  0
 4  0 1322760 4372144 140948 391904  100    0  2228 29252 18126 35575 29 60  9  2  0
 7  0 1322760 3139360 140960 400052    0    0     0 25232 16812 33735 27 60 12  1  0
 5  0 1322760 1973676 141008 407988   16    0    16 29264 17516 36449 20 66 13  1  0
procs -----------memory---------- ---swap-- -----io---- -system-- ------cpu-----
 r  b 交换 空闲 缓冲 缓存   si   so    bi    bo   in   cs us sy id wa st
 7  2 1321992 3230088 141076 368748  487  733   574  1229  487  791  6  8 85  0  0
 9  0 1321992 2300304 141084 376740   52    0    52 26732 17716 31109 40 57  3  0  0
 8  0 1321992 1267864 141096 383548   60    0    60 23740 15579 30585 31 66  3  0  0
12  1 1321992 373808 141104 389104    0    0     0 22024 14127 28492 37 61  2  0  0
 9  1 1350396 114888   4360 228636   48 28328   216 52904 14573 28386 32 65  3  0  0
13  1 1491912 103552   6596 208416 3204 146012 41367 152448 19233 21795 24 70  1  5  0
procs -----------memory---------- ---swap-- -----io---- -system-- ------cpu-----
 r  b 交换 空闲 缓冲 缓存   si   so    bi    bo   in   cs us sy id wa st
17  0 1447648 2992560  39372 345892  714  957   808  1452  536  824  6  9 85  0  0
 7  1 1444832 1863220  51796 402576 1676    0 54463 22560 13802 27769 39 59  2  1  0
10  0 1444576 948992  62252 409664  516    0   516 25480 16295 32689 31 66  3  0  0
 5  0 1443552 357368  33096 364420   80  136   260 22776 13360 27130 35 63  2  0  0
 9  2 1443552 3155320  43192 372636   16    0   336 24412 16388 29103 29 69  2  0  0
 9  1 1443552 2833000  52552 381908   60    0   284 24112 15609 31946 42 52  6  1  0
procs -----------memory---------- ---swap-- -----io---- -system-- ------cpu-----
 r  b 交换 空闲 缓冲 缓存   si   so    bi    bo   in   cs us sy id wa st
 9  0 1339616 3118676  92520 422476  715  956   810  1455  539  829  6  9 85  0  0
 7  0 1339360 1910988  99036 434604  136    0  5076 30072 17239 30844 29 68  2  1  0
 8  0 1339360 758096 103944 441980   48    0    48 24248 17725 32866 31 65  3  1  0
11  0 1339360 133664 106672 444116  208    0   208 23336 18708 34128 38 60  3  0  0
14  0 1339360 3342116  34956 375992   12  244  1222 27216 14869 27627 33 65  3  0  0
11  0 1339360 3711956  41880 385768    8    0   448 32320 16953 30510 34 61  4  0  0
procs -----------memory---------- ---swap-- -----io---- -system-- ------cpu-----
 r  b 交换 空闲 缓冲 缓存   si   so    bi    bo   in   cs us sy id wa st
10  0 1338080 2787436  90488 397784  714  955   810  1459  542  834  6  9 85  0  0
 6  0 1338080 1732956  94280 408568  148    0  5584 28120 16541 29212 34 61  5  1  0
 8  0 1338080 771596  98688 415480   56    0    56 23476 18021 33087 28 69  3  0  0
 7  0 1338848 137660  63188 353780   20  844   288 25696 17392 33061 33 61  5  1  0
11  0 1338848 3403048  71248 362440    8    0   468 22976 15009 28853 41 54  5  0  0
 7  0 1338848 6506012  75936 370484    0    0   116 25828 18576 33403 30 66  3  1  0
procs -----------memory---------- ---swap-- -----io---- -system-- ------cpu-----
 r  b 交换 空闲 缓冲 缓存   si   so    bi    bo   in   cs us sy id wa st
11  0 1292768 3195204 105904 392320  714  954   810  1463  544    5  6  9 84  0  0
 8  1 1292768 1921724 109300 403816   40    0  4580 22864 16244 30681 34 65  1  0  0
10  0 1292768 844468 111392 408940    0    0     8 20588 18638 36527 29 68  3  1  0
 9  0 1292512 216236 112616 421128  436    0  5704 21680 16143 33160 42 54  4  0  0
 6  0 1292256 6414752 114272 428608  200    0   284 20712 15001 31181 34 61  5  1  0
10  0 1292256 5880068 116208 436516  144    0   212 26152 16434 31700 37 59  4  0  0
procs -----------memory---------- ---swap-- -----io---- -system-- ------cpu-----
 r  b 交换 空闲 缓冲 缓存   si   so    bi    bo   in   cs us sy id wa st
18  0 1288416 2639156 125624 401424  713  953   809  1466  547   11  6  9 84  0  0
 8  0 1288416 1304160 126328 410100    0    0    36 30484 17988 33414 37 61  2  1  0
 8  0 1288416 487472 127140 416700    0    0     0 25024 17178 31445 36 62  2  0  0
11  0 1288416 3688524 128156 422592    0    0     4 26032 16602 29724 38 59  3  0  0
 9  0 1288416 6328844 128972 430728   32    0    32 28864 17118 36147 32 63  4  1  0
 5  0 1288416 5787148 129388 438408    8    0    92 30188 17424 39398 38 57  6  0  0
procs -----------memory---------- ---swap-- -----io---- -system-- ------cpu-----
 r  b 交换 空闲 缓冲 缓存   si   so    bi    bo   in   cs us sy id wa st
 8  1 1275616 2570916 132744 423056  713  952   809  1470  550   17  6  9 84  0  0
 5  0 1275616 1658512 132924 429908   32    0    36 27320 15904 29663 37 58  5  1  0
 6  0 1275616 1013912 132988 436180    0    0     4 22472 15807 32780 33 62  4  0  0
 7  0 1275616 3573048 133164 440744    0    0     8 25976 18983 35025 37 57  5  1  0
 8  0 1275616 6137480 133348 447380    0    0    16 31012 17993 34826 32 64  4  0  0
 7  0 1275360 5434512 133628 456588  140    0  1281 28968 17693 35821 42 55  2  1  0
procs -----------memory---------- ---swap-- -----io---- -system-- ------cpu-----
 r  b 交换 空闲 缓冲 缓存   si   so    bi    bo   in   cs us sy id wa st
 9  0 1274848 2243820 134280 429928  712  951   809  1474  552   23  6  9 84  0  0
 9  0 1274848 1054964 134356 438012    4    0    36 26656 17431 32540 33 65  2  0  0
 9  0 1275104 154776   4304 379988    4  596    92 25472 18172 34301 28 70  3  0  0
13  0 1386232 104776   6844 225860 1284 111720 31448 128756 15898 24487 30 68  2  1  0
 6  0 1574572 103384  11356 233544  304 188224 15836 201404 18820 19911 30 66  2  2  0
 6  0 1636304 3255240  20308 241504 33528 88360 37146 110620 24393 33427 22 72  5  2  0
procs -----------memory---------- ---swap-- -----io---- -system-- ------cpu-----
 r  b 交换 空闲 缓冲 缓存   si   so    bi    bo   in   cs us sy id wa st
 8  1 1358240 2187572  53672 297340  728  966   827  1494  557   31  6  9 84  0  0
 7  1 1357728 786284  69308 328240  576    0 28524 25424 16657 31132 27 68  4  1  0
 8  1 1430440 103392  72256 283648  368 72784   548 92120 17358 25314 31 64  3  3  0
 8  0 1643752 106072  31528 261496 11108 223932 12866 236768 19824 20962 27 69  1  3  0
 4  1 1731252 158984  29600 264520 27792 115168 31060 135840 17234 33607 40 54  4  2  0
 6  0 1772740 3741148  36040 261704 47640 88304 47976 109208 20800 33854 27 66  3  5  0
procs -----------memory---------- ---swap-- -----io---- -system-- ------cpu-----
 r  b 交换 空闲 缓冲 缓存   si   so    bi    bo   in   cs us sy id wa st
12  0 1375428 2793236  86564 289252  737  975   836  1506  561   37  6  9 84  0  0
10  0 1375428 1466816  94496 300268  108    0  7360 25840 17973 31132 27 69  3  1  0
 6  0 1375428 530396  99968 307744   32    0    32 27480 16800 32860 29 64  6  1  0
 7  0 1375428 3425056 104772 313488   16    0    16 25336 17100 30368 32 62  6  1  0
 6  0 1375428 5706332 109252 320376   28    0    28 22228 15662 29135 33 61  5  1  0
12  0 1375428 5792072 111480 328544  244    0   248 24928 18016 33907 32 64  3  0  0
procs -----------memory---------- ---swap-- -----io---- -system-- ------cpu-----
 r  b 交换 空闲 缓冲 缓存   si   so    bi    bo   in   cs us sy id wa st
10  0 1368772 2444940 126416 317420  736  974   836  1511  563   44  6  9 84  0  0
 8  0 1368516 1113468 128132 325368  140    0   244 29152 14048 26876 34 63  3  0  0
 9  0 1368516 196872 129476 331948  160    0   160 24344 16738 34134 35 64  1  0  0
 9  0 1368516 4604744 130832 337820   12    0    12 27056 15248 29494 26 72  2  0  0
 7  0 1368516 6222160 132024 346068    0    0    16 27400 17275 37454 24 70  5  1  0
 5  0 1363140 5549484 133320 360128 6520    0 10358 29820 19533 39603 30 61  7  1  0
procs -----------memory---------- ---swap-- -----io---- -system-- ------cpu-----
 r  b 交换 空闲 缓冲 缓存   si   so    bi    bo   in   cs us sy id wa st
 9  0 1325252 2457332 136956 334260  736  973   836  1515  566   50  7  9 84  0  0
 9  0 1324228 1350860 137448 341452  924    0   924 27952 16787 31909 31 61  6  1  0
11  0 1324228 930860 137848 348080    0    0     0 25596 17141 35972 30 66  4  1  0
 6  0 1324228 3410160 138104 355576   48    0   284 27188 17326 34605 35 59  5  1  0
14  0 1324228 6147532 138368 361572    8    0    12 25320 16079 32861 35 60  5  1  0
 8  0 1324228 5351284 138604 369488   92    0    92 27176 17137 34752 36 58  5  1  0
procs -----------memory---------- ---swap-- -----io---- -system-- ------cpu-----
 r  b 交换 空闲 缓冲 缓存   si   so    bi    bo   in   cs us sy id wa st
13  1 1323716 1858616 139960 335596  735  972   835  1519  569   56  7  9 84  0  0
 7  0 1323716 693960 140116 344692    4    0     8 24992 16049 28320 28 67  4  1  0
 8  0 1323460 3799892 140268 349920  120    0   120 25404 16990 30751 39 57  3  1  0
11  1 1323460 6228372 140408 355592   92    0    92 27052 18640 35172 33 60  7  1  0
 4  0 1323460 5298268 140604 361556    0    0     0 27440 18019 35834 32 62  5  1  0
 6  0 1323460 4346716 140668 371676   12    0    12 27392 17464 34912 32 63  5  0  0
procs -----------memory---------- ---swap-- -----io---- -system-- ------cpu-----
 r  b 交换 空闲 缓冲 缓存   si   so    bi    bo   in   cs us sy id wa st
11  0 1322948 2277408 141140 336484  735  971   835  1522  571   62  7  9 84  0  0
 8  0 1322948 1166144 141204 343692   60    0   116 24780 13784 27719 33 62  5  0  0
 9  1 1322692 841824 141268 351448  340    0   344 26408 17158 33857 41 54  4  1  0
13  0 1322692 6572396 141304 357536    0    0     0 25660 15866 32065 32 60  7  1  0
 5  0 1322692 5817708 141352 365680    0    0     4 36408 18444 36790 33 62  5  1  0
 7  0 1322436 4985868 141388 373560  244    0   536 27208 17888 36024 33 60  5  1  0
procs -----------memory---------- ---swap-- -----io---- -system-- ------cpu-----
 r  b 交换 空闲 缓冲 缓存   si   so    bi    bo   in   cs us sy id wa st
10  0 1321668 1068276 141580 334064  734  970   834  1526  574   68  7  9 84  0  0
 9  0 1353100 104076   7148 268824   44 31524   284 56576 16244 29865 22 69  8  2  0
 8  5 1551604 103920   9036 264620    8 198092   724 204000 20786 22659 25 67  1  7  0
 8  0 1766536 138408  13008 268988   84 215928  4647 226716 16202 16372 24 73  2  2  0
 8  1 1952008 152560  18584 271556 9728 194664 10092 209756 19554 22432 25 69  4  2  0
 5  0 1952064 3715688  27436 278120 52484 41544 52760 64464 19362 35476 21 68  8  3  0
procs -----------memory---------- ---swap-- -----io---- -system-- ------cpu-----
 r  b 交换 空闲 缓冲 缓存   si   so    bi    bo   in   cs us sy id wa st
 4  0 1323072 1087848  73932 298876  747  982   847  1542  577   74  7  9 84  0  0
 9  0 1323072 3767612  78760 311680   28    0  5012 26924 16061 31267 21 69  9  2  0
 9  0 1323072 2847696  83568 321652   48    0    48 27568 17299 34774 34 58  7  1  0
 6  1 1322560 2888392  88320 328452  520    0   520 26748 14196 32699 31 64  5  0  0
12  0 1322560 4090620  92860 335264    0    0     0 24424 16093 33044 24 67  7  1  0
 7  0 1322560 1550040  98064 343824    0    0     0 26476 17619 34753 22 72  5  1  0
procs -----------memory---------- ---swap-- -----io---- -system-- ------cpu-----
 r  b 交换 空闲 缓冲 缓存   si   so    bi    bo   in   cs us sy id wa st
12  0 1320788 1224764 114376 306240  746  997   846  1562  580   80  7  9 84  0  0
 9  0 1320896 103372 115796 269684  240   48   592 24948 17256 32018 26 65  7  2  0
 7  0 1343880 197944   7092 206468 3104 24984 13115 45860 16432 27759 36 57  6  2  0
 9  0 1339528 4038820  20192 269984 4852    0 75978 22796 16483 31098 21 73  5  1  0
 9  0 1339272 6507020  31548 279608   44    0  1782 28616 15912 32797 17 74  8  1  0
 8  0 1339272 5559268  45084 289360   52    0   124 31444 19822 38506 24 70  6  0  0
procs -----------memory---------- ---swap-- -----io---- -system-- ------cpu-----
 r  b 交换 空闲 缓冲 缓存   si   so    bi    bo   in   cs us sy id wa st
17  0 1332360 1249268  87936 340368  746  997   848  1566  583   86  7  9 84  0  0
11  0 1332360 1957504  96100 361988  144    0 15880 29116 14226 29834 27 64  8  1  0
 7  1 1332360 6605800 100928 368968   20    0    20 24768 16890 35820 26 68  5  1  0
 5  0 1332360 5826788 106500 375700    0    0     0 27992 18863 40599 27 63  9  1  0
 4  0 1332104 4916312 111520 382700  104    0   132 28520 20639 40421 28 62  8  2  0
 4  0 1332104 3889920 113848 388740  124    0   144 25656 17758 38376 28 62  9  2  0
procs -----------memory---------- ---swap-- -----io---- -system-- ------cpu-----
 r  b 交换 空闲 缓冲 缓存   si   so    bi    bo   in   cs us sy id wa st
 8  1 1331592 1051800 128792 357476  745  996   848  1570  585   93  7  9 84  0  0
 7  0 1331592 2891164 130004 365652  216    0   500 28328 15866 30723 25 66  9  1  0
 5  0 1331592 6490660 131128 373628   24    0    28 25516 16051 33638 26 69  4  1  0
 5  1 1331592 5477440 132388 380700    4    0     4 30456 17609 34826 27 64  8  1  0
 4  0 1331592 4421560 133784 388972    4    0     4 30328 18921 38964 28 63  8  2  0
 6  0 1331592 3280084 134988 396600    0    0   335 25344 16313 35198 31 59  9  1  0
procs -----------memory---------- ---swap-- -----io---- -system-- ------cpu-----
 r  b 交换 空闲 缓冲 缓存   si   so    bi    bo   in   cs us sy id wa st
 7  0 1331080 1406828 138468 356568  744  995   847  1574  588   99  7  9 84  0  0
 7  0 1331080 3248200 138920 363804   12    0    20 22720 13417 25990 34 59  7  1  0
 6  1 1331080 5023088 139596 372392    4    0     4 26664 17667 35312 20 74  5  1  0
12  0 1331080 3017168 140036 378024    0    0     4 32760 18440 36734 24 70  6  1  0
11  1 1331080 2525556 140528 384380   12    0    12 33976 17860 35776 34 59  7  0  0
 5  0 1331080 2092900 140920 393528   96    0    96 32312 16895 36010 37 55  8  1  0
procs -----------memory---------- ---swap-- -----io---- -system-- ------cpu-----
 r  b 交换 空闲 缓冲 缓存   si   so    bi    bo   in   cs us sy id wa st
 8  1 1324936 1461940 142156 358248  744  994   846  1578  590  105  7  9 84  0  0
 8  0 1324936 3798264 142236 365144    8    0     8 25144 13850 27444 33 60  6  1  0
 4  0 1324936 6315204 142344 371732   12    0    12 26652 19134 36505 21 69  8  2  0
 7  0 1324936 5377568 142440 376028    0    0     8 29188 19436 39080 33 61  6  1  0
 6  0 1324680 4468100 142552 383672  112    0   124 25764 17026 33859 34 56  8  1  0
 5  0 1324680 3324524 142600 392356    0    0     0 28292 19235 38431 31 60  7  1  0
procs -----------memory---------- ---swap-- -----io---- -system-- ------cpu-----
 r  b 交换 空闲 缓冲 缓存   si   so    bi    bo   in   cs us sy id wa st
 4  0 1322128 1079544 142932 361248  743 1009   845  1598  593  112  7  9 84  0  0
 5  1 1327948 110192   1668 238636   64 5440   200 33072 16165 33001 21 68  9  2  0
 9  0 1468204 103476   5256 190104 3768 143392 40686 153224 19771 21982 23 71  1  5  0
10  0 1573864 3550216  15136 254500 9108 112784 80337 129752 19032 30141 13 82  3  2  0
 4  0 1511400 3188960  24920 261660 81936    0 83927 23008 23897 43408 15 70  7  7  0
 4  0 1443048 2706892  34588 271972 84460    0 86848 24180 22223 43550 24 67  4  5  0
procs -----------memory---------- ---swap-- -----io---- -system-- ------cpu-----
 r  b 交换 空闲 缓冲 缓存   si   so    bi    bo   in   cs us sy id wa st
13  0 1351144 1116576  81032 328984  748 1014   853  1606  596  118  7  9 83  0  0
 7  1 1362920 126652  23456 273192  260 11928 18612 34652 16020 29440 20 72  6  2  0
 7  1 1443800 3595500   6820 195864 8900 108660 16341 123712 20113 26545 18 77  2  4  0
 5  0 1422296 3391260  16488 205976 25608    0 30186 24532 17355 33109 26 68  5  1  0
 6  0 1421016 6451908  27588 216020 1612    0  1884 27912 18424 37588 18 69 11  2  0
 4  0 1421016 5292720  39276 224492  216    0   340 29496 18478 37881 26 66  7  1  0
procs -----------memory---------- ---swap-- -----io---- -system-- ------cpu-----
 r  b 交换 空闲 缓冲 缓存   si   so    bi    bo   in   cs us sy id wa st
 7  0 1609220 1436740  85532 304516  749 1019   856  1616  599  125  7  9 83  0  0
 5  0 1854724 890180  91912 329168 3244 247152 24803 266036 14259 25134 16 78  3  3  0
 4  1 2072180 321836  95184 340656 3968 220272  8784 238788 16544 30302 15 77  5  3  0
 3  0 2191356 188700  59484 291648  312 120688  1442 142160 14577 31716 24 66  9  2  0
 5  0 1381680 6794060  64536 299496  192    4   800 24356 15991 35366 14 74 10  2  0
10  0 1381672 5641852  70016 307596    0    0   308 26768 17686 35546 23 63 12  2  0
procs -----------memory---------- ---swap-- -----io---- -system-- ------cpu-----
 r  b 交换 空闲 缓冲 缓存   si   so    bi    bo   in   cs us sy id wa st
 5  0 1357912 986872 100292 324388  748 1029   857  1631  602  131  7 10 83  0  0
 4  0 1357748 3504696 103088 335668  140    0  5316 26516 17033 33115 18 73  8  2  0
 9  0 1357736 6153032 106208 343824    8    0    16 23152 16046 33422 24 68  6  1  0
 6  0 1357736 5128328 110428 348616    0    0     0 28348 19490 39431 24 65 10  1  0
10  0 1357732 3909052 114488 356480    0    0     0 25900 18313 36136 29 64  6  1  0
11  0 1357500 2620356 116136 366928  292    0   324 23728 14781 35684 24 65  9  2  0
procs -----------memory---------- ---swap-- -----io---- -system-- ------cpu-----
 r  b 交换 空闲 缓冲 缓存   si   so    bi    bo   in   cs us sy id wa st
 5  1 1354012 3678380 122892 329052  748 1028   856  1634  605  137  7 10 83  0  0
 4  2 1353988 2529040 124548 334908   20    0    20 24720 15635 30966 27 68  4  1  0
 7  0 1352432 5044156 125572 342336  192    0   236 26564 16737 36349 20 72  7  1  0
 5  0 1352432 3826788 126204 349016    0    0     4 31324 18431 40711 29 63  7  1  0
 8  0 1352376 2599324 126884 356200   72    0  1682 31072 18512 40832 29 64  6  1  0
 3  0 1352376 1912136 127824 364068    0    0     0 31748 17710 42859 41 52  6  1  0
procs -----------memory---------- ---swap-- -----io---- -system-- ------cpu-----
 r  b 交换 空闲 缓冲 缓存   si   so    bi    bo   in   cs us sy id wa st
 6  0 1343232 733052 131064 346668  747 1027   856  1638  607  144  7 10 83  0  0
 6  0 1343192 6606160 131556 353600   44    0    44 30872 15296 31733 18 74  7  1  0
 8  0 1343184 5344932 132092 362832   12    0    12 29320 16579 34183 26 69  5  1  0
 9  0 1343180 4165080 132584 369180    8    0     8 35816 16765 40648 26 67  8  0  0
 6  0 1342728 2851152 132756 389436  552    0 12744 26732 16006 34092 25 64 10  1  0
 5  1 1342644 1678192 132880 393836   36    0   344 27460 15503 32915 26 62 12  1  0
procs -----------memory---------- ---swap-- -----io---- -system-- ------cpu-----
 r  b 交换 空闲 缓冲 缓存   si   so    bi    bo   in   cs us sy id wa st
 7  1 1340668 965840 134056 363224  747 1026   855  1642  609  150  7 10 83  0  0
 5  1 1340664 6303832 134108 370092    0    0    36 29004 14053 29948 19 76  4  1  0
 3  0 1340524 5215220 134188 379044  160    0   160 29080 17419 34613 26 68  6  0  0
 7  0 1340520 3970100 134296 384976    4    0     4 32728 18010 35722 24 68  7  1  0
 5  0 1340516 2682696 134420 394140    4    0     4 29464 17241 41828 25 66  9  1  0
 4  0 1340516 1461552 134436 403484    0    0     0 29500 17278 37755 26 65  7  1  0
procs -----------memory---------- ---swap-- -----io---- -system-- ------cpu-----
 r  b 交换 空闲 缓冲 缓存   si   so    bi    bo   in   cs us sy id wa st
12  0 1328944 3095684 135312 390164  746 1025   855  1646  612  156  7 10 83  0  0
11  1 1328856 1839596 135344 398876  156    0   412 25052 14693 28164 34 63  3  0  0
 8  0 1328856 781208 135364 403832    0    0    12 30816 16522 37560 30 65  5  0  0
10  0 1328912 127580  42856 355040   20   96   296 29820 17373 34918 30 66  4  0  0
 7  6 1453288 105264   4284 205404 2892 126104 20371 135240 20744 20897 21 74  2  4  0
14  1 1691948 105204   9336 242884 1064 239552 42927 250332 18821 18174 25 72  1  2  0
procs -----------memory---------- ---swap-- -----io---- -system-- ------cpu-----
 r  b 交换 空闲 缓冲 缓存   si   so    bi    bo   in   cs us sy id wa st
10  1 1456668 2587156  41584 351060  993 1270  1109  1888  669  204  7 10 83  1  0
13  0 1454412 1153132  56496 404736 2192    0 52996 26380 16828 28412 31 64  4  1  0
 9  0 1452352 178960  67360 413404 1944    0  1976 26360 18192 33557 26 72  2  0  0
16  1 1494340 124196   4696 180776 7700 48380 27078 65596 18812 25472 23 73  2  2  0
13  0 1567712 122080  10388 211536 26860 94460 68142 109324 22350 27599 28 68  1  3  0
 8  2 1636744 165496  16700 219488 32556 92684 36999 109852 20100 27598 35 61  2  2  0
procs -----------memory---------- ---swap-- -----io---- -system-- ------cpu-----
 r  b 交换 空闲 缓冲 缓存   si   so    bi    bo   in   cs us sy id wa st
 9  0 1380432 2154988  34420 333556 1005 1290  1127  1911  674  211  7 10 82  1  0
 9  0 1380064 899336  50244 373112  356    0 37194 27940 16954 30516 29 69  2  0  0
 8  1 1362480 192428  60168 379764 15688    0 16876 24952 18460 35171 35 61  3  1  0
19  0 1368304 3316588  41736 379340  196 5584  2093 26008 15357 31193 35 60  4  1  0
 7  0 1368304 3112284  50316 385140  156    0   608 20684 13662 26814 41 56  3  0  0
 7  0 1368304 5345724  61940 390400  148    0   684 26280 17997 32587 33 63  3  0  0
procs -----------memory---------- ---swap-- -----io---- -system-- ------cpu-----
 r  b 交换 空闲 缓冲 缓存   si   so    bi    bo   in   cs us sy id wa st
11  0 1362416 2619704 102848 369252 1004 1289  1127  1914  676  216  7 10 82  1  0
 8  0 1362160 1165232 108332 375904  244    0   344 26576 15588 27314 30 67  2  0  0
 9  0 1361392 244440 113116 381492  636    0   732 26008 18962 34262 35 59  5  1  0
 9  0 1361548 4471588  64260 386584   12   96    24 22660 15731 29445 38 59  2  0  0
 9  0 1361548 6535900  69664 392360    0    0    68 27836 16984 36050 38 59  3  0  0
 9  0 1361548 5800756  78212 397888   72    0   100 29120 20152 39572 38 59  3  0  0
procs -----------memory---------- ---swap-- -----io---- -system-- ------cpu-----
 r  b 交换 空闲 缓冲 缓存   si   so    bi    bo   in   cs us sy id wa st
 9  0 1358788 2394388 107372 373720 1003 1303  1126  1933  679  222  7 10 82  1  0
11  0 1358660 3921408 110056 380024  172    0   196 27104 17561 32472 35 62  3  0  0
 9  0 1358660 3157672 114268 385528    0    0     4 24856 17540 34242 38 58  3  0  0
 9  0 1358644 5134824 117976 390180   20    0    36 27304 19133 37555 40 56  4  1  0
 7  0 1358572 5720628 121788 396864   92    0   100 27148 19723 36017 37 61  1  0  0
11  0 1358312 5112568 125232 402348  204    0   684 26416 20572 39655 32 66  2  0  0
procs -----------memory---------- ---swap-- -----io---- -system-- ------cpu-----
 r  b 交换 空闲 缓冲 缓存   si   so    bi    bo   in   cs us sy id wa st
 8  0 1356404 2913512 132584 382684 1002 1318  1125  1951  682  228  7 10 82  1  0
10  0 1356264 1717132 134404 389888  176    0   487 26140 15507 29972 33 65  3  0  0
 6  0 1356196 756760 135056 393464   36    0    92 25436 16948 32077 34 59  6  1  0
 7  0 1356156 3492912 135488 395848   40    0    72 25492 15758 29380 40 56  4  0  0
 8  0 1355952 3973368 136008 402876  240    0   360 25656 16243 32814 29 66  4  1  0
 9  1 1355800 1454496 137020 411892  148    0  1736 26848 17313 33650 31 63  6  1  0
procs -----------memory---------- ---swap-- -----io---- -system-- ------cpu-----
 r  b 交换 空闲 缓冲 缓存   si   so    bi    bo   in   cs us sy id wa st
15  0 1355292 2841140 140212 384380 1001 1316  1124  1954  684  234  7 10 82  1  0
 4  0 1355260 1674264 140800 390100   24    0   180 29120 14957 28321 36 61  3  0  0
 7  0 1355244 991852 141288 395436    0    0     8 24740 16839 31784 34 64  2  0  0
 8  1 1355184 3576888 141652 398440   84    0    84 27056 18899 34910 35 62  3  0  0
 9  0 1355184 6189672 141900 404428    0    0    36 26276 18181 32933 36 58  5  1  0
13  0 1352100 5663580 141972 419604 3400    0 12034 28100 19068 35388 37 58  4  1  0
procs -----------memory---------- ---swap-- -----io---- -system-- ------cpu-----
 r  b 交换 空闲 缓冲 缓存   si   so    bi    bo   in   cs us sy id wa st
 8  0 1345920 579420 142740 400856 1000 1315  1123  1958  687  239  7 10 82  1  0
 8  0 1330628 3450624 142752 414188 13280    0 20320 27844 19152 33815 24 72  3  1  0
13  0 1330628 2718848 142784 421588    0    0     0 26232 16859 30773 30 64  6  1  0
 5  0 1330620 2298168 142860 426288    0    0     4 29372 17147 33555 38 58  4  0  0
10  0 1330616 4534568 142948 430488    4    0    36 27596 18918 36317 29 61  9  1  0
 9  0 1330592 2304228 143028 438664    0    0    32 26492 18735 38180 33 62  5  1  0
procs -----------memory---------- ---swap-- -----io---- -system-- ------cpu-----
 r  b 交换 空闲 缓冲 缓存   si   so    bi    bo   in   cs us sy id wa st
 8  0 1324652 2136540 143268 404304 1000 1314  1123  1961  689  245  7 10 82  1  0
13  0 1324216 953780 143340 410888  504    0   512 30184 16200 32142 28 67  5  0  0
11  0 1324984 136336  10264 389744    0  564    72 27016 19405 35651 29 62  8  1  0
 7  0 1479008 110300   6256 319160 15172 168084 21195 179884 20391 18693 24 71  1  5  0
 6  3 1606272 115568  11084 320028 35112 156936 41672 169736 19850 25666 20 75  1  4  0
 4  0 1729832 157544  16464 320036 38280 152684 39248 167420 19310 26041 29 63  5  3  0
procs -----------memory---------- ---swap-- -----io---- -system-- ------cpu-----
 r  b 交换 空闲 缓冲 缓存   si   so    bi    bo   in   cs us sy id wa st
 5  1 1317852 2451512  69972 353884 1011 1323  1134  1974  693  251  7 11 82  1  0
 6  0 1317596 1297388  75660 366888    0    0  4804 27556 18116 33571 31 61  6  1  0
10  0 1317596 219332  80696 375852    0    0    68 27256 19693 36636 31 62  5  2  0
 9  0 1344636 152848   8224 249760   76 26928  5174 45300 13601 23816 32 64  4  1  0
 7  0 1344636 3538120  17324 258576  116    0  1304 23732 17221 31370 31 64  5  1  0
 8  1 1344636 6696104  28020 264588    0    0   612 24164 20575 35780 30 67  3  0  0
procs -----------memory---------- ---swap-- -----io---- -system-- ------cpu-----
 r  b 交换 空闲 缓冲 缓存   si   so    bi    bo   in   cs us sy id wa st
 9  0 1343868 2839016  83996 279364 1010 1322  1133  1977  696  257  7 11 82  1  0
 5  0 1340796 1836976  92456 305696 3500    0 26444 29136 20857 38348 29 65  5  1  0
 5  0 1340796 752932  97548 311568   40    0    44 25840 18092 36119 27 68  5  1  0
 8  0 1340284 240880 102296 315332  188    0   208 24804 15217 30496 44 48  7  1  0
11  0 1340284 6781312 107012 324580   60    0  2077 25944 17856 33783 24 70  5  1  0
 7  0 1340284 6134132 112476 330480  120    0   464 27872 18116 34849 27 70  4  0  0
procs -----------memory---------- ---swap-- -----io---- -system-- ------cpu-----
 r  b 交换 空闲 缓冲 缓存   si   so    bi    bo   in   cs us sy id wa st
 9  0 1321084 2269344 125712 330472 1009 1321  1134  1981  698  263  7 11 82  1  0
 6  0 1321084 1264144 128100 338228   36    0   144 27168 17657 31168 30 64  5  0  0
 7  0 1321084 423232 129728 345056   36    0   164 25156 17017 34795 34 63  3  1  0
11  0 1320828 6702160 130840 348612   72    0    76 23684 17344 31168 29 67  4  1  0
 7  0 1320828 5880148 131960 357128    0    0   932 28816 16441 34320 39 54  6  1  0
 5  1 1320828 5097540 133496 360140   44    0   132 33108 18398 38045 29 63  8  0  0
procs -----------memory---------- ---swap-- -----io---- -system-- ------cpu-----
 r  b 交换 空闲 缓冲 缓存   si   so    bi    bo   in   cs us sy id wa st
 9  0 1317416 2700616 137592 336464 1008 1336  1133  2000  701  269  7 11 82  1  0
 4  1 1317312 1400144 138168 344668  128    0   744 27936 16693 31772 30 63  6  1  0
 8  0 1317252 663056 138540 349560   68    0   108 22524 13617 28097 39 56  5  0  0
 9  0 1317252 6518412 139144 354284    0    0     0 29788 17745 34169 21 69  9  0  0
 3  0 1317248 5776932 139600 361256    0    0    20 28900 19672 40048 27 67  5  1  0
 9  0 1317216 5009596 139928 367564   56    0   112 28512 18043 36250 31 63  5  1  0
procs -----------memory---------- ---swap-- -----io---- -system-- ------cpu-----
 r  b 交换 空闲 缓冲 缓存   si   so    bi    bo   in   cs us sy id wa st
14  1 1316956 2166608 141088 336048 1007 1334  1132  2003  703  275  7 11 82  1  0
 9  0 1316812 1082072 141160 341936  144    0   204 26100 17480 31199 32 61  7  1  0
 4  0 1316812 3732112 141284 348696    0    0    16 24508 18455 31702 33 61  5  1  0
 7  2 1316808 4872736 141376 353188    0    0    16 27152 20008 38071 26 66  7  1  0
 8  0 1316720 3411000 141528 359780   88    0   112 26776 17769 37299 33 58  8  1  0
 5  0 1316708 3051396 141652 365956   16    0   132 28696 19532 40749 37 55  7  1  0
procs -----------memory---------- ---swap-- -----io---- -system-- ------cpu-----
 r  b 交换 空闲 缓冲 缓存   si   so    bi    bo   in   cs us sy id wa st
 5  1 1316344 1047384 142080 339728 1006 1333  1131  2006  706  280  7 11 82  1  0
12  1 1348496 103400   4580 205656   36 31496  1245 56108 15497 28388 24 69  5  2  0
10  0 1535492 102836   6684 235444 3336 188916 59285 194676 20376 19191 15 75  0  9  0
 9  4 1770624 102656   9488 264964 8008 241716 40031 250108 20695 18386 17 76  1  5  0
 8  0 1884544 150844  15152 267400 60828 160392 66473 175476 24026 30131 15 73  4  8  0
 9  0 1913960 151420  22636 269044 94676 104460 96013 124788 23182 36226 16 69  9  6  0
procs -----------memory---------- ---swap-- -----io---- -system-- ------cpu-----
 r  b 交换 空闲 缓冲 缓存   si   so    bi    bo   in   cs us sy id wa st
 8  0 1331160 3836148  47592 336928 1074 1397  1202  2072  718  292  7 11 82  1  0
 6  1 1331160 2332496  60360 354476    8    0 15192 24680 17129 30979 22 67  9  2  0
 6  0 1330648 4147920  69448 361048  120    0   132 23576 17727 33142 25 66  8  1  0
 6  0 1330648 4683860  76604 363432   28    0    28 24240 18905 36375 23 68  8  1  0
 5  2 1330648 3748688  81260 369924   16    0    20 26176 17169 32290 29 60  9  1  0
 5  0 1330648 2555524  87464 375800    0    0    48 28352 15954 33808 26 64  9  0  0
procs -----------memory---------- ---swap-- -----io---- -system-- ------cpu-----
 r  b 交换 空闲 缓冲 缓存   si   so    bi    bo   in   cs us sy id wa st
 8  0 1328288 869972 112072 349740 1073 1411  1201  2090  720  298  7 11 82  1  0
 9  3 1410264 103728  96916 294232  488 81940  1366 104208 17275 21440 27 68  4  2  0
 8  1 1601140 165448  57616 297776 10036 200228 13876 216340 20332 23243 23 71  2  4  0
10  0 1546100 3487704  62792 311384 55684    0 62261 21412 20577 32108 16 79  3  3  0
 3  1 1498740 3180808  70744 321424 47308    0 48212 27148 21437 40514 21 65 11  3  0
 7  0 1427828 2753432  78952 328420 70900    0 71200 26808 24266 43618 19 66  9  6  0
procs -----------memory---------- ---swap-- -----io---- -system-- ------cpu-----
 r  b 交换 空闲 缓冲 缓存   si   so    bi    bo   in   cs us sy id wa st
12  0 1329780 1582776 101136 329388 1077 1415  1205  2098  723  303  7 11 82  1  0
 4  0 1329780 215520 105104 344756  112    0  4860 30576 16137 31614 24 68  6  1  0
 5  0 1420420 156228  57016 308292    0 90684   404 108280 14564 23171 35 59  4  2  0
 6  0 1527844 3402020  63980 317408   64 107376  1487 129328 15925 29346 23 72  5  1  0
10  0 1782864 2959796  68952 323316    4 255064   576 276020 14947 29040 23 69  7  1  0
 5  1 1993028 2507456  74232 330740  104 210188   772 233092 16992 31765 29 64  6  2  0
procs -----------memory---------- ---swap-- -----io---- -system-- ------cpu-----
 r  b 交换 空闲 缓冲 缓存   si   so    bi    bo   in   cs us sy id wa st
 6  0 1327688 2054852  99296 331284 1076 1430  1204  2116  725  308  7 11 81  1  0
 7  0 1327612 314560 102568 342988   68    0  4652 28384 16779 32499 31 61  7  1  0
 5  0 1327608 3220356 105244 349288    0    0    12 25708 18194 37618 32 63  5  1  0
 4  2 1327608 2686244 106868 353136    0    0     8 27008 18836 42020 31 57 11  1  0
 4  0 1327608 2233160 109988 359792    0    0    32 34344 18536 44366 35 53 10  1  0
 8  1 1327592 1662440 113892 366268    8    0    72 27900 18478 36073 35 55  9  1  0
procs -----------memory---------- ---swap-- -----io---- -system-- ------cpu-----
 r  b 交换 空闲 缓冲 缓存   si   so    bi    bo   in   cs us sy id wa st
10  0 1327292 1821692 121696 331852 1075 1428  1203  2120  728  315  7 11 81  1  0
11  0 1327276 727576 123124 337200   32    0    80 24128 16207 32934 26 64  9  1  0
 5  0 1327236 5242512 124752 342960   12    0   424 20464 15494 29327 29 64  6  1  0
 8  0 1326680 4519180 126120 347896  548    0  1328 26336 18359 33891 22 68 10  1  0
11  0 1326680 2645588 126800 353904    0    0     0 26640 19355 34151 28 65  7  1  0
 8  0 1326628 2168316 127628 360256   32    0    68 33076 16035 36242 39 54  7  0  0
procs -----------memory---------- ---swap-- -----io---- -system-- ------cpu-----
 r  b 交换 空闲 缓冲 缓存   si   so    bi    bo   in   cs us sy id wa st
 5  0 1325528 1077456 131172 343464 1074 1427  1202  2123  730  320  7 11 81  1  0
10  0 1325448 3683384 131408 351488   52    0    60 24808 15174 28249 29 64  6  1  0
 8  0 1325440 6011544 131624 357820    0    0    72 28932 15783 31357 24 70  6  0  0
 7  0 1325440 4966840 131992 362552    0    0   112 31124 15729 38371 29 62  8  0  0
 7  0 1325440 3802880 132480 368864    0    0     8 27256 17041 35276 31 63  6  1  0
 8  0 1325400 2709392 132776 377280   52    0    80 27528 15615 37516 35 57  6  1  0
procs -----------memory---------- ---swap-- -----io---- -system-- ------cpu-----
 r  b 交换 空闲 缓冲 缓存   si   so    bi    bo   in   cs us sy id wa st
 6  0 1319512 305192 133744 371932 1073 1426  1201  2126  732  326  7 11 81  1  0
11  0 1417660 103604   5056 185248  272 97524 22420 113368 17240 22138 14 74  5  8  0
11  0 1620140 103948   7900 229608 8152 209780 68799 216668 19342 21054  9 81  3  7  0
 7  2 1846844 106156  13156 273864 26688 246884 72778 258380 23123 20483  8 84  2  6  0
 9  1 1938620 147068  17844 300296 68984 141108 89756 153352 20602 25821  9 77  2 12  0
 7  0 1993408 164784  25824 302844 101112 129572 102516 149600 25090 35957 10 76  4 10  0
procs -----------memory---------- ---swap-- -----io---- -system-- ------cpu-----
 r  b 交换 空闲 缓冲 缓存   si   so    bi    bo   in   cs us sy id wa st
 4  0 1386520 1536420  40312 325348 1203 1554  1338  2255  755  347  7 11 81  1  0
12  0 1386400 139432  43964 332988 2064 2280 48255 27956 15357 28657 21 68  9  2  0
10  1 1566040 109036  48148 275172 1420 180916  5400 193064 22800 23683 11 81  2  6  0
 7  0 1882780 139472  51452 276624 4332 321384  5448 330716 21953 18597 11 82  3  5  0
 6  0 2127496 193776  57512 277408 34096 272540 34924 287736 16594 31989 16 76  4  5  0
 7  0 2191356 122612  64876 289624 57316 113228 70108 132320 20557 37036  9 74  9  9  0
procs -----------memory---------- ---swap-- -----io---- -system-- ------cpu-----
 r  b 交换 空闲 缓冲 缓存   si   so    bi    bo   in   cs us sy id wa st
 6  0 1388564 407716  67556 305892 1210 1570  1347  2274  758  353  7 11 81  1  0
10  0 1384840 127916  11204 285880 7484 2452 20339 25816 14634 26521 38 54  7  1  0
 4  0 1373380 6983156  17092 252504 19984 6616 22308 30748 19351 34873 14 79  5  2  0
 7  0 1372868 5680136  29080 260204  284    0  3216 27512 14896 35364 27 63  8  1  0
 8  0 1372868 4459980  43848 268324  100    0  1508 34104 15628 36162 29 66  5  0  0
 8  0 1372612 3195204  56744 276776  456    0  1076 31932 17674 38101 32 63  5  1  0
procs -----------memory---------- ---swap-- -----io---- -system-- ------cpu-----
 r  b 交换 空闲 缓冲 缓存   si   so    bi    bo   in   cs us sy id wa st
 7  0 1362336 1011904  75256 278348 1210 1568  1347  2277  760  359  7 11 81  1  0
 7  0 1361824 2316504  84912 291740 1068    0 13436 23316 14287 28067 28 66  4  1  0
 4  0 1361568 6502848  89920 298236   56    0    68 28840 16613 42539 19 75  5  1  0
 3  1 1361568 5243316  98620 302028    4    0    60 30956 16506 38745 29 63  8  1  0
 9  0 1361312 3826824 103804 309704  156    0   396 28380 15498 36324 28 62  8  1  0
10  0 1361056 2539444 109348 314704   76    0   100 29284 17789 38278 30 59 10  1  0
procs -----------memory---------- ---swap-- -----io---- -system-- ------cpu-----
 r  b 交换 空闲 缓冲 缓存   si   so    bi    bo   in   cs us sy id wa st
 5  0 1353120 521028 125296 317116 1209 1567  1347  2281  762  365  7 11 81  1  0
 5  0 1353120 6752912 127864 323016   76    0   132 26656 13920 29043 30 66  3  0  0
 3  0 1353120 5565816 129212 329152   28    0    28 30296 16691 37129 23 69  8  0  0
 5  0 1353120 4323088 130272 333152   52    0    80 28536 17540 37639 31 60  7  1  0
10  0 1352608 2976652 131760 343312  848    0  4452 28168 17944 36771 27 62 10  2  0
 8  0 1352608 1661508 133184 349136   28    0   156 29272 16954 36720 30 60  9  1  0
procs -----------memory---------- ---swap-- -----io---- -system-- ------cpu-----
 r  b 交换 空闲 缓冲 缓存   si   so    bi    bo   in   cs us sy id wa st
 8  0 1349024 1113248 137400 340444 1208 1565  1346  2284  765  371  7 11 81  1  0
 6  0 1349024 3588696 138040 345352   36    0   164 25692 15379 32003 23 69  6  1  0
 4  0 1349024 5587796 138816 349352    0    0     4 29800 17458 36008 23 68  7  1  0
 9  0 1349024 4349468 139296 355972   36    0    84 33504 18991 42442 28 64  7  1  0
 6  1 1349024 3178412 139592 362436   56    0   108 31660 19493 38422 23 68  8  1  0
 5  0 1349024 2086772 139784 366768   88    0   180 22636 15173 30162 27 64  7  2  0
procs -----------memory---------- ---swap-- -----io---- -system-- ------cpu-----
 r  b 交换 空闲 缓冲 缓存   si   so    bi    bo   in   cs us sy id wa st
10  1 1348000 1669104 141072 341192 1206 1564  1345  2287  767  377  7 11 81  1  0
 5  0 1348000 5261560 141232 347964  152    0   404 26588 16339 31049 28 67  5  1  0
 7  0 1344160 5329756 141428 377448 5168    0 28268 31028 19073 38368 20 75  4  1  0
 5  0 1337504 4309492 141748 384584 8040    0 11493 29724 16481 37709 28 63  8  1  0
 6  0 1337504 3090568 141924 389532   28    0    60 29604 15113 33249 26 65  8  1  0
 6  0 1337504 1789572 142108 394968    8    0    48 34004 15874 37669 26 66  7  0  0
